city_cn,city_en,year,month,n_weeks,cases,tem,rhu,pre,Tm,Hm,Rm,m_hat_bi,m_hat_norm,pred_raw,pred_cases,beta_prime,eta,scale_factor
潮州市,Chaozhou,2005,1,5,0,13.33427676853736,72.32048508266912,12.800368205795294,22.074642270919554,78.34986046776214,143.74048239715358,0.39911923575966396,0.3655098781470694,0.11052393345044317,0.1580134897738994,0.0,11.052393345044317,1.4296766758192663
潮州市,Chaozhou,2005,2,4,0,14.415287316064624,80.53199220895408,96.69738256475802,22.074642270919554,78.34986046776214,143.74048239715358,0.5292922849598491,0.4847212092186767,0.11052393345044317,0.1580134897738994,0.0,11.052393345044317,1.4296766758192663
潮州市,Chaozhou,2005,3,4,0,16.172332736534152,78.02903512470812,95.52771824484248,22.074642270919554,78.34986046776214,143.74048239715358,0.6395087757852573,0.5856565000340032,0.11094089240462157,0.15860960626546225,0.07119513813202566,11.052393345044317,1.4296766758192663
潮州市,Chaozhou,2005,4,4,0,21.79562742053775,80.57141492400292,78.85381708477736,22.074642270919554,78.34986046776214,143.74048239715358,1.0368574412162752,0.9495449054804586,0.11502655500926982,0.16445078279659486,0.474187322035958,11.052393345044317,1.4296766758192663
潮州市,Chaozhou,2005,5,5,0,25.67988559713184,87.24019274994166,322.4647114994972,22.074642270919554,78.34986046776214,143.74048239715358,1.4657564064646171,1.3423267974054203,0.12108660533524435,0.17311469540193156,0.7868927227868602,11.052393345044317,1.4296766758192663
潮州市,Chaozhou,2005,6,4,0,26.6822499439538,88.38440048994785,371.8882310951081,22.074642270919554,78.34986046776214,143.74048239715358,1.5706304174765806,1.4383694922978802,0.1229812810842063,0.1758234691284629,0.8660742389538436,11.052393345044317,1.4296766758192663
潮州市,Chaozhou,2005,7,5,0,28.63920453743234,82.41688944626443,144.39768849520854,22.074642270919554,78.34986046776214,143.74048239715358,1.6054358670579492,1.4702440162383914,0.12541687357468972,0.17930557890390758,1.0129570302452253,11.052393345044317,1.4296766758192663
潮州市,Chaozhou,2005,8,4,0,27.2097874064522,87.82546862965344,377.2872070323937,22.074642270919554,78.34986046776214,143.74048239715358,1.614106648586202,1.4781846415349882,0.12392910536204158,0.1771785513912592,0.9068672163768454,11.052393345044317,1.4296766758192663
潮州市,Chaozhou,2005,9,4,0,27.48347832332253,83.0703957006238,120.6526152374269,22.074642270919554,78.34986046776214,143.74048239715358,1.5026640997658536,1.3761265376147538,0.1232906352206484,0.17626574552190236,0.9277273144033543,11.052393345044317,1.4296766758192663
潮州市,Chaozhou,2005,10,5,0,23.69030501133158,75.0922748381799,30.04853843240369,22.074642270919554,78.34986046776214,143.74048239715358,1.1234812883586733,1.0288742611638164,0.11696855610328977,0.16722721646513067,0.6263761176761028,11.052393345044317,1.4296766758192663
潮州市,Chaozhou,2005,11,4,0,20.618948919577026,74.3642244180237,16.305478022048906,22.074642270919554,78.34986046776214,143.74048239715358,0.8934449446275813,0.8182090051870804,0.11365100401316557,0.16248418962106465,0.3821848137698516,11.052393345044317,1.4296766758192663
潮州市,Chaozhou,2005,12,4,0,14.621049964052023,55.68572234371217,12.86595536465469,22.074642270919554,78.34986046776214,143.74048239715358,0.40551156084095785,0.3713639131125681,0.11052393345044317,0.1580134897738994,0.0,11.052393345044317,1.4296766758192663
潮州市,Chaozhou,2006,1,5,0,15.140227607807338,74.78147095607918,27.02167423675545,22.074642270919554,78.34986046776214,143.74048239715358,0.5308527537882952,0.4861502728173078,0.1105761403202445,0.1580881287179719,0.010738833796963217,11.052393345044317,1.4296766758192663
潮州市,Chaozhou,2006,2,4,0,15.509660479550677,73.72424161239292,83.91529577624513,22.074642270919554,78.34986046776214,143.74048239715358,0.5750195837725177,0.5265978664166214,0.1106912096974662,0.1582526407226868,0.03176546235580015,11.052393345044317,1.4296766758192663
潮州市,Chaozhou,2006,3,4,0,18.0278262498348,81.75472086069725,121.7336887605282,22.074642270919554,78.34986046776214,143.74048239715358,0.7908544025883519,0.7242574910526415,0.11191595315019671,0.16000362787091799,0.19219955843747855,11.052393345044317,1.4296766758192663
潮州市,Chaozhou,2006,4,5,0,22.582706238638146,84.38550177476752,222.69925414862016,22.074642270919554,78.34986046776214,143.74048239715358,1.173236353745835,1.0744395114886889,0.11629363050156562,0.16626229107443236,0.5369959862261808,11.052393345044317,1.4296766758192663
潮州市,Chaozhou,2006,5,4,0,24.13610807017945,85.64695160914843,403.53567040502605,22.074642270919554,78.34986046776214,143.74048239715358,1.362044917785294,1.2473487302183572,0.11878742974422384,0.16982761768583657,0.6624848443413314,11.052393345044317,1.4296766758192663
潮州市,Chaozhou,2006,6,4,0,27.0043767394715,88.3941788002029,293.2086324740481,22.074642270919554,78.34986046776214,143.74048239715358,1.56770282216651,1.435688426317657,0.12331691748615899,0.17630332066389054,0.8910696639470762,11.052393345044317,1.4296766758192663
潮州市,Chaozhou,2006,7,5,1,28.09755807933224,87.70444561815395,639.4550342957298,22.074642270919554,78.34986046776214,143.74048239715358,1.7721095363054853,1.6228822934214946,0.12632500111240344,0.18060390766324608,0.9736422491028074,11.052393345044317,1.4296766758192663
潮州市,Chaozhou,2006,8,4,0,28.26011908767875,84.99935576377457,136.4637226063537,22.074642270919554,78.34986046776214,143.74048239715358,1.582613896389987,1.449343856660651,1.5389496226332526,2.200200380739623,0.9855671465527597,11.052393345044317,1.4296766758192663
潮州市,Chaozhou,2006,9,4,11,25.68313979086017,79.78387118669332,163.46070166775533,22.074642270919554,78.34986046776214,143.74048239715358,1.367206690835694,1.2520758364804334,0.4061963412823504,0.5807294349344989,0.7871525542282326,11.052393345044317,1.4296766758192663
潮州市,Chaozhou,2006,10,5,3,24.6569648095316,71.50475715896077,10.552321190276906,22.074642270919554,78.34986046776214,143.74048239715358,1.1628439499605157,1.064922239703987,8.364754712313587,11.958894711144032,0.7046379428312698,11.052393345044317,1.4296766758192663
潮州市,Chaozhou,2006,11,4,0,20.7660093354136,74.73379994389555,132.62116941525264,22.074642270919554,78.34986046776214,143.74048239715358,0.9622625482467266,0.8812315600016364,2.295304006561791,3.2815426020959046,0.3935293554338976,11.052393345044317,1.4296766758192663
潮州市,Chaozhou,2006,12,5,0,15.72367477098078,71.65125365422065,55.30590889846813,22.074642270919554,78.34986046776214,143.74048239715358,0.5698944810936003,0.5219043425575249,0.13131511369376128,0.18773815523052564,0.04426349715401787,11.052393345044317,1.4296766758192663
潮州市,Chaozhou,2007,1,4,0,14.003454756553875,66.8758301425838,20.38825671417248,22.074642270919554,78.34986046776214,143.74048239715358,0.4246682238738187,0.3889074162652495,0.11052393345044317,0.1580134897738994,0.0,11.052393345044317,1.4296766758192663
潮州市,Chaozhou,2007,2,4,0,17.987075220479774,75.418994576795,29.65759559453648,22.074642270919554,78.34986046776214,143.74048239715358,0.724290679065298,0.6632990197636827,0.11178015342963638,0.1598094781778501,0.18938969330012861,11.052393345044317,1.4296766758192663
潮州市,Chaozhou,2007,3,4,0,18.423271682540623,79.35543210094582,49.31404715914892,22.074642270919554,78.34986046776214,143.74048239715358,0.7785533426695993,0.7129922888044329,0.11209100272284311,0.16025389216204267,0.21978768873189977,11.052393345044317,1.4296766758192663
潮州市,Chaozhou,2007,4,5,0,20.553075926439934,79.51347503735482,210.88482676895148,22.074642270919554,78.34986046776214,143.74048239715358,0.9975204075259874,0.913520396755797,0.1139689952457395,0.1629388142693906,0.37711930762912804,11.052393345044317,1.4296766758192663
潮州市,Chaozhou,2007,5,4,0,25.559325370633324,81.93740539207057,182.65149945220432,22.074642270919554,78.34986046776214,143.74048239715358,1.3763973151287283,1.2604925291989606,0.120321192278953,0.17202040220798429,0.777256397920577,11.052393345044317,1.4296766758192663
潮州市,Chaozhou,2007,6,4,0,27.0735135484431,89.9227138976965,412.1084470222175,22.074642270919554,78.34986046776214,143.74048239715358,1.623796187943691,1.4870582362719498,0.12385391871852941,0.17707105880069673,0.8963996797801586,11.052393345044317,1.4296766758192663
潮州市,Chaozhou,2007,7,5,0,29.16059754612444,82.31387766491319,77.4341519769897,22.074642270919554,78.34986046776214,143.74048239715358,1.6075735940746663,1.4722017277977073,0.12597577306866983,0.18010462447457815,1.049573528305889,11.052393345044317,1.4296766758192663
潮州市,Chaozhou,2007,8,4,2,27.1699331049872,88.0385130798428,542.49978390747,22.074642270919554,78.34986046776214,143.74048239715358,1.6655648900395819,1.5253096454889776,0.12430985402807891,0.1777228988784421,0.9038112765107637,11.052393345044317,1.4296766758192663
潮州市,Chaozhou,2007,9,5,2,27.047376998615945,77.76820296552458,171.00473651415993,22.074642270919554,78.34986046776214,143.74048239715358,1.4678718518715723,1.344264103662913,2.515106522711403,3.5957891327213924,0.8943862231792257,11.052393345044317,1.4296766758192663
潮州市,Chaozhou,2007,10,4,0,22.8609722989908,70.9788687843437,23.606453155334545,22.074642270919554,78.34986046776214,143.74048239715358,1.0393140090756796,0.9517946086731446,1.49477978594223,2.137051795447722,0.5593707846847651,11.052393345044317,1.4296766758192663
潮州市,Chaozhou,2007,11,4,0,19.289896290058,62.07282874277905,18.064479853271607,22.074642270919554,78.34986046776214,143.74048239715358,0.7423143295543486,0.6798049200154691,0.22561052654369357,0.32255010761882213,0.2821559286219728,11.052393345044317,1.4296766758192663
潮州市,Chaozhou,2007,12,5,1,16.710518195745117,67.84439026952927,9.84262307369986,22.074642270919554,78.34986046776214,143.74048239715358,0.5980064839603563,0.5476490669949244,0.11109762193581259,0.15883367882061813,0.10475476357832013,11.052393345044317,1.4296766758192663
潮州市,Chaozhou,2008,1,4,0,14.566409531483044,72.48681591339553,64.0616807577818,22.074642270919554,78.34986046776214,143.74048239715358,0.5004350934422714,0.4582940475831802,0.11052393345044317,0.1580134897738994,0.0,11.052393345044317,1.4296766758192663
潮州市,Chaozhou,2008,2,4,0,12.23108558857348,69.30113833640718,39.44334102288792,22.074642270919554,78.34986046776214,143.74048239715358,0.3291049025111818,0.30139136888631557,0.11052393345044317,0.1580134897738994,0.0,11.052393345044317,1.4296766758192663
潮州市,Chaozhou,2008,3,5,0,18.34862798234546,73.47900600110114,69.00372470756959,22.074642270919554,78.34986046776214,143.74048239715358,0.7597329638808481,0.6957567517983927,0.11201658463168081,0.16014749835284892,0.21453635590016534,11.052393345044317,1.4296766758192663
潮州市,Chaozhou,2008,4,4,0,22.754132604892227,81.91901055558525,140.53385144500692,22.074642270919554,78.34986046776214,143.74048239715358,1.142344344531033,1.0461488817415934,0.1162858243222299,0.16625113076190884,0.5507715940196327,11.052393345044317,1.4296766758192663
潮州市,Chaozhou,2008,5,4,0,24.1913896414977,79.24571667141423,178.6490879792786,22.074642270919554,78.34986046776214,143.74048239715358,1.256382431912376,1.150583956998099,0.1181978941546402,0.1689847724038435,0.6669622549073749,11.052393345044317,1.4296766758192663
潮州市,Chaozhou,2008,6,5,0,26.26697545963024,89.46217566259878,464.2304540466615,22.074642270919554,78.34986046776214,143.74048239715358,1.571362276861222,1.4390397226714977,0.12251831546374012,0.17516157797917617,0.8334990219053885,11.052393345044317,1.4296766758192663
潮州市,Chaozhou,2008,7,4,0,27.93221534444165,85.87062201746772,260.42611836592084,22.074642270919554,78.34986046776214,143.74048239715358,1.6196508377299677,1.4832619610846338,0.12478416380371782,0.1784010085017861,0.9614101033675043,11.052393345044317,1.4296766758192663
潮州市,Chaozhou,2008,8,5,0,27.82384392828738,85.29970613262044,274.7623863708184,22.074642270919554,78.34986046776214,143.74048239715358,1.6141735153452508,1.4782458775235405,0.12461662318733956,0.1781614795902977,0.9533386800648774,11.052393345044317,1.4296766758192663
潮州市,Chaozhou,2008,9,4,0,27.64998983752815,77.68135250875802,123.00048645593242,22.074642270919554,78.34986046776214,143.74048239715358,1.4904639742806178,1.364953770231092,0.12335865896246133,0.17636299747897424,0.9403047774903899,11.052393345044317,1.4296766758192663
潮州市,Chaozhou,2008,10,4,13,24.9323616803746,79.12033934652572,68.07911645141606,22.074642270919554,78.34986046776214,143.74048239715358,1.2571107552709766,1.1512509491102358,0.11889208620175043,0.1699772425821362,0.7268747754583597,11.052393345044317,1.4296766758192663
潮州市,Chaozhou,2008,11,5,13,19.2409598852431,60.616299055212,17.299963523407186,22.074642270919554,78.34986046776214,143.74048239715358,0.7300778343067462,0.6685988455240067,2.531783941153884,3.619632448881486,0.2785687876522875,11.052393345044317,1.4296766758192663
潮州市,Chaozhou,2008,12,4,0,14.660148713383323,60.5588183313875,19.190735932128923,22.074642270919554,78.34986046776214,143.74048239715358,0.4369778573051575,0.4001804700607149,0.11052393345044317,0.1580134897738994,0.0,11.052393345044317,1.4296766758192663
潮州市,Chaozhou,2009,1,4,0,13.035732128419744,61.66104751103812,3.918675681426997,22.074642270919554,78.34986046776214,143.74048239715358,0.3347199553586473,0.30653358479119447,0.11052393345044317,0.1580134897738994,0.0,11.052393345044317,1.4296766758192663
潮州市,Chaozhou,2009,2,4,0,18.974459530504475,77.8563616980543,14.147508124313433,22.074642270919554,78.34986046776214,143.74048239715358,0.7928370951954319,0.7260732234661332,0.11240567345312907,0.16070376956569551,0.25916669860139424,11.052393345044317,1.4296766758192663
潮州市,Chaozhou,2009,3,5,0,17.76707230433588,77.56952147661943,80.96558237509136,22.074642270919554,78.34986046776214,143.74048239715358,0.7410900079496012,0.6786836970813945,0.11170708467085531,0.15970501347768973,0.1743302845640991,11.052393345044317,1.4296766758192663
潮州市,Chaozhou,2009,4,4,0,21.2334171397702,72.65806280840393,133.69763531542966,22.074642270919554,78.34986046776214,143.74048239715358,0.9866421559734051,0.9035581898682498,0.11440828511811002,0.16356685675384236,0.4298950207327807,11.052393345044317,1.4296766758192663
潮州市,Chaozhou,2009,5,5,0,24.95674350005934,74.78285271086162,80.49969077526806,22.074642270919554,78.34986046776214,143.74048239715358,1.2448153839793201,1.1399909564565804,0.1188326544933025,0.16989227445476413,0.7288409610445707,11.052393345044317,1.4296766758192663
潮州市,Chaozhou,2009,6,4,0,27.49541363799925,86.01162387273553,235.9817962530828,22.074642270919554,78.34986046776214,143.74048239715358,1.5736867091026012,1.4411684172298806,0.1239070817044072,0.1771470646816231,0.9286318027762668,11.052393345044317,1.4296766758192663
潮州市,Chaozhou,2009,7,4,0,28.33502562953497,85.40349197881693,186.714980645783,22.074642270919554,78.34986046776214,143.74048239715358,1.6166889648125935,1.4805495039737757,0.12519657603480766,0.17899062464939783,0.9910268143674574,11.052393345044317,1.4296766758192663
潮州市,Chaozhou,2009,8,5,0,28.66904798444362,82.8560846198013,214.7547275142525,22.074642270919554,78.34986046776214,143.74048239715358,1.6455828958543641,1.5070103113416944,0.1258214001877327,0.17988392116732327,1.0150870649100046,11.052393345044317,1.4296766758192663
潮州市,Chaozhou,2009,9,4,0,27.771251340023177,80.1915764640343,151.98100119923947,22.074642270919554,78.34986046776214,143.74048239715358,1.5284136408792761,1.3997077404019265,0.12381285260144624,0.17701234753093645,0.9494067059447101,11.052393345044317,1.4296766758192663
潮州市,Chaozhou,2009,10,4,0,23.9828011394216,68.46899607417575,2.973777308257988,22.074642270919554,78.34986046776214,143.74048239715358,1.0923215341433072,1.000338432905192,0.11702679961258138,0.16731048585188274,0.6500666122816579,11.052393345044317,1.4296766758192663
潮州市,Chaozhou,2009,11,5,0,18.340538031135782,71.14212961460973,36.11888525228861,22.074642270919554,78.34986046776214,143.74048239715358,0.733770171414998,0.6719802553023309,0.11196175897328738,0.1600691153878074,0.2139684181936728,11.052393345044317,1.4296766758192663
潮州市,Chaozhou,2009,12,4,1,15.304739416872325,73.86045922253888,50.59457584332269,22.074642270919554,78.34986046776214,143.74048239715358,0.5486003254381049,0.5024033425015626,0.11062449162904496,0.15815725545640924,0.020015427863415442,11.052393345044317,1.4296766758192663
潮州市,Chaozhou,2010,1,5,0,15.18792611679412,77.9679805940712,33.72059558026114,22.074642270919554,78.34986046776214,143.74048239715358,0.5477551161718469,0.5016293073054621,0.11725279290540587,0.16763358319152552,0.013414007828025936,11.052393345044317,1.4296766758192663
潮州市,Chaozhou,2010,2,4,0,17.193591771091196,87.49902111524003,108.0369561673581,22.074642270919554,78.34986046776214,143.74048239715358,0.7450006346871979,0.6822650145781999,0.13835680231022712,0.1978054932038689,0.1359826864198375,11.052393345044317,1.4296766758192663
潮州市,Chaozhou,2010,3,4,0,17.59896045490985,75.11916904247288,58.62702495941153,22.074642270919554,78.34986046776214,143.74048239715358,0.7105074938455571,0.6506765002287443,0.11158421542654812,0.1595293501849282,0.16295070987383145,11.052393345044317,1.4296766758192663
潮州市,Chaozhou,2010,4,4,0,19.7149457062432,81.36621445509893,142.0457531143801,22.074642270919554,78.34986046776214,143.74048239715358,0.917618848517162,0.8403472532928175,0.11315940849544653,0.16178136697544443,0.3136173807526018,11.052393345044317,1.4296766758192663
潮州市,Chaozhou,2010,5,5,0,24.03267145840722,84.72112288976653,253.8141515435174,22.074642270919554,78.34986046776214,143.74048239715358,1.2984618144864488,1.189119884658611,0.11830204224466674,0.16913367049898556,0.6541063600544038,11.052393345044317,1.4296766758192663
潮州市,Chaozhou,2010,6,4,0,27.105841717605276,87.85343687604815,301.1390847804873,22.074642270919554,78.34986046776214,143.74048239715358,1.5769323070007961,1.4441407071773338,0.12350513441349666,0.17657241001489957,0.8988875459667691,11.052393345044317,1.4296766758192663
潮州市,Chaozhou,2010,7,4,0,28.3455951544582,85.53858927662117,192.52445189804064,22.074642270919554,78.34986046776214,143.74048239715358,1.6210366839046495,1.4845311067961262,0.12524744405285548,0.17906334946834596,0.9917953578075015,11.052393345044317,1.4296766758192663
潮州市,Chaozhou,2010,8,5,0,28.282507445777924,83.8261946743808,288.3541658824148,22.074642270919554,78.34986046776214,143.74048239715358,1.6509251600134907,1.511902709770237,0.12544945699112545,0.17935216265440423,0.9872013221638121,11.052393345044317,1.4296766758192663
潮州市,Chaozhou,2010,9,4,0,27.2585232569342,84.1567285163485,261.2583026203297,22.074642270919554,78.34986046776214,143.74048239715358,1.5567873200884144,1.4256921057271825,0.12350625733173554,0.17657401542491455,0.9105980056381567,11.052393345044317,1.4296766758192663
潮州市,Chaozhou,2010,10,5,0,22.2545360459092,74.33013194528027,129.07949865469337,22.074642270919554,78.34986046776214,143.74048239715358,1.066683728246424,0.9768595562444572,0.11551286925958919,0.16514605493739498,0.5107116757219444,11.052393345044317,1.4296766758192663
潮州市,Chaozhou,2010,11,4,0,18.74325721296385,72.71900337393195,2.599752956970211,22.074642270919554,78.34986046776214,143.74048239715358,0.7500672823441955,0.6869050058434629,0.11218983127647031,0.16039518504006842,0.24252230102495032,11.052393345044317,1.4296766758192663
潮州市,Chaozhou,2010,12,4,0,14.268299605319475,60.65621999243487,30.840625766616625,22.074642270919554,78.34986046776214,143.74048239715358,0.41784978019681757,0.38266314564574455,0.11052393345044317,0.1580134897738994,0.0,11.052393345044317,1.4296766758192663
潮州市,Chaozhou,2011,1,5,0,11.65377567115282,65.57870852853549,13.014934141143822,22.074642270919554,78.34986046776214,143.74048239715358,0.26917961029147813,0.24651231447175753,0.11052393345044317,0.1580134897738994,0.0,11.052393345044317,1.4296766758192663
潮州市,Chaozhou,2011,2,4,0,14.766583351902575,74.9911482515451,33.72467024482727,22.074642270919554,78.34986046776214,143.74048239715358,0.5100304202023075,0.4670813632538135,0.11052393345044317,0.1580134897738994,0.0,11.052393345044317,1.4296766758192663
潮州市,Chaozhou,2011,3,4,0,16.775598415415423,62.5478439474073,15.722506456390436,22.074642270919554,78.34986046776214,143.74048239715358,0.5797305775613831,0.5309121530042934,0.11110210883824463,0.1588400936403719,0.10890227027761841,11.052393345044317,1.4296766758192663
潮州市,Chaozhou,2011,4,4,0,21.738869367612224,69.01898722098265,63.30519356848132,22.074642270919554,78.34986046776214,143.74048239715358,0.9716155234001294,0.8897969322070778,0.1147032338519097,0.1639885380791182,0.4696914824262287,11.052393345044317,1.4296766758192663
潮州市,Chaozhou,2011,5,5,0,24.38884098702454,83.872773668056,170.5606295187209,22.074642270919554,78.34986046776214,143.74048239715358,1.288250600225564,1.1797685446433253,0.11858115638565217,0.16953271347624374,0.6829494625697883,11.052393345044317,1.4296766758192663
潮州市,Chaozhou,2011,6,4,0,27.8574601150571,85.42195056472124,296.0926209814764,22.074642270919554,78.34986046776214,143.74048239715358,1.6263288212239893,1.4893775995066258,0.12476010241716579,0.17836660849864477,0.9558468565284257,11.052393345044317,1.4296766758192663
潮州市,Chaozhou,2011,7,5,0,28.255446601361506,86.0859907856361,269.25661730356126,22.074642270919554,78.34986046776214,143.74048239715358,1.6512358778766876,1.5121872624505885,0.12542239308905573,0.1793134700248585,0.9852258386615894,11.052393345044317,1.4296766758192663
潮州市,Chaozhou,2011,8,4,0,27.65565313906155,84.82237486862613,243.93740453802505,22.074642270919554,78.34986046776214,143.74048239715358,1.5849302097981188,1.451465116063108,0.12417831527193718,0.17753484098681996,0.9407309669645777,11.052393345044317,1.4296766758192663
潮州市,Chaozhou,2011,9,4,0,26.61334586166235,79.83454911361662,78.66337543417342,22.074642270919554,78.34986046776214,143.74048239715358,1.3950938990405903,1.2776146959479122,0.12152030118270203,0.1737347402394415,0.8606951506690539,11.052393345044317,1.4296766758192663
潮州市,Chaozhou,2011,10,5,0,23.32153960528178,77.03992717218314,81.11404989730828,22.074642270919554,78.34986046776214,143.74048239715358,1.1345841510049235,1.0390421649111523,0.11672221322290399,0.166875025794789,0.5965378482008798,11.052393345044317,1.4296766758192663
潮州市,Chaozhou,2011,11,4,0,19.79225103142753,77.82267718567297,308.6661046450813,22.074642270919554,78.34986046776214,143.74048239715358,0.9665740943386929,0.8851800359093449,0.11335116324598189,0.1620555142697624,0.31939601898435294,11.052393345044317,1.4296766758192663
潮州市,Chaozhou,2011,12,4,0,14.873160158607124,66.05103687865744,4.156098771392826,22.074642270919554,78.34986046776214,143.74048239715358,0.4691433659946275,0.4296373594016893,0.11052393345044317,0.1580134897738994,0.0,11.052393345044317,1.4296766758192663
潮州市,Chaozhou,2012,1,5,0,13.27460507508086,80.81456057140137,72.29196119088706,22.074642270919554,78.34986046776214,143.74048239715358,0.44526295529094034,0.4077678897686529,0.11052393345044317,0.1580134897738994,0.0,11.052393345044317,1.4296766758192663
潮州市,Chaozhou,2012,2,4,0,14.922946316584724,84.39723073525693,90.67584805509956,22.074642270919554,78.34986046776214,143.74048239715358,0.5726611843794386,0.5244380650401086,0.11052393345044317,0.1580134897738994,0.0,11.052393345044317,1.4296766758192663
潮州市,Chaozhou,2012,3,4,0,17.894909445172523,78.88159886527666,37.99860159945668,22.074642270919554,78.34986046776214,143.74048239715358,0.7350294090138395,0.6731334539960364,0.111756158624984,0.15977517336529776,0.18305807967584425,11.052393345044317,1.4296766758192663
潮州市,Chaozhou,2012,4,5,0,22.74834018887158,84.05828860826384,291.8602201662597,22.074642270919554,78.34986046776214,143.74048239715358,1.2097485595923758,1.1078770677729621,0.11662064375303105,0.1667298142927363,0.5503056683755894,11.052393345044317,1.4296766758192663
潮州市,Chaozhou,2012,5,4,0,25.43147114222045,83.76597978404455,157.5705912977606,22.074642270919554,78.34986046776214,143.74048239715358,1.3628225539674244,1.248060882579624,0.12009676728194092,0.1716995470242853,0.7670165746811651,11.052393345044317,1.4296766758192663
潮州市,Chaozhou,2012,6,4,0,27.310566829709572,87.0677143028438,307.5946345581063,22.074642270919554,78.34986046776214,143.74048239715358,1.5930043872813437,1.4588593766339226,0.12386628763303677,0.1770887423492731,0.9145743857354416,11.052393345044317,1.4296766758192663
潮州市,Chaozhou,2012,7,5,0,28.223858066715344,84.57624591957287,295.09083953049714,22.074642270919554,78.34986046776214,143.74048239715358,1.6524227871941581,1.5132742235417387,0.12539814996508197,0.17927881019596423,0.9829161353073523,11.052393345044317,1.4296766758192663
潮州市,Chaozhou,2012,8,4,0,28.2971311617932,83.1147452764102,119.4798216902774,22.074642270919554,78.34986046776214,143.74048239715358,1.5673558384116912,1.4353706616534174,0.12470923739872215,0.1782938879681608,0.9882676528959277,11.052393345044317,1.4296766758192663
潮州市,Chaozhou,2012,9,5,0,26.12934379271502,75.91513415161916,83.35855063932739,22.074642270919554,78.34986046776214,143.74048239715358,1.3409927992068782,1.228069385584194,0.12062635128048703,0.1724566809148938,0.8226259809610124,11.052393345044317,1.4296766758192663
潮州市,Chaozhou,2012,10,4,0,23.040440467655824,69.61025638750932,32.07565549597164,22.074642270919554,78.34986046776214,143.74048239715358,1.0499031625398165,0.9614920620794944,0.11604132582216549,0.16590157695909394,0.5738364973902558,11.052393345044317,1.4296766758192663
潮州市,Chaozhou,2012,11,4,0,20.12394562615905,77.39614947123877,129.4294339450071,22.074642270919554,78.34986046776214,143.74048239715358,0.9263407624487483,0.84833470519369,0.11344540542864628,0.16219025012019597,0.34437727942959645,11.052393345044317,1.4296766758192663
潮州市,Chaozhou,2012,12,5,0,15.18992555871752,74.54010287760418,56.37825077079776,22.074642270919554,78.34986046776214,143.74048239715358,0.5458493890623196,0.4998840592162311,0.11059154979669067,0.15811015928703356,0.013526405773673299,11.052393345044317,1.4296766758192663
潮州市,Chaozhou,2013,1,4,0,15.336957461673077,69.94305545332658,2.475202938171414,22.074642270919554,78.34986046776214,143.74048239715358,0.5141079183921002,0.47081550015568285,0.1106267998378687,0.15816055544872748,0.021848555833765135,11.052393345044317,1.4296766758192663
潮州市,Chaozhou,2013,2,4,0,18.006819240594325,76.4182931632104,24.821391526916408,22.074642270919554,78.34986046776214,143.74048239715358,0.7270143380217244,0.6657933226287971,0.11179393617658587,0.15982918304969249,0.19075029487052497,11.052393345044317,1.4296766758192663
潮州市,Chaozhou,2013,3,5,0,19.48136038346282,74.28754232583982,156.56246252365122,22.074642270919554,78.34986046776214,143.74048239715358,0.8781220271417782,0.8041764124145636,0.11290639638037539,0.16141964145582752,0.29626122989342596,11.052393345044317,1.4296766758192663
潮州市,Chaozhou,2013,4,4,0,20.3646395688976,78.42834021445697,102.9893011138915,22.074642270919554,78.34986046776214,143.74048239715358,0.936402965544709,0.8575495820975693,0.11363414389418622,0.16246008510220833,0.3626857861834018,11.052393345044317,1.4296766758192663
潮州市,Chaozhou,2013,5,4,0,25.829860410087576,89.07413912817877,318.9670833814083,22.074642270919554,78.34986046776214,143.74048239715358,1.4841434474493107,1.3591654874700791,0.12138164856545319,0.17353651182651952,0.7988515905609352,11.052393345044317,1.4296766758192663
潮州市,Chaozhou,2013,6,5,0,27.497685596256,87.56348630916548,437.8445818652661,22.074642270919554,78.34986046776214,143.74048239715358,1.6581774464157044,1.5185442897334667,0.12462823244254756,0.17817807707169223,0.9288039267251113,11.052393345044317,1.4296766758192663
潮州市,Chaozhou,2013,7,4,0,27.17308938439255,88.5543231221841,321.2381467471015,22.074642270919554,78.34986046776214,143.74048239715358,1.5933352997397254,1.4591624233465428,0.12371554177960398,0.17687322451864376,0.904053456839045,11.052393345044317,1.4296766758192663
潮州市,Chaozhou,2013,8,4,0,27.83742812722205,86.66370939689767,269.03626471313487,22.074642270919554,78.34986046776214,143.74048239715358,1.6190631161347993,1.4827237308281402,0.1246743474923411,0.1782440066827863,0.9543527056112165,11.052393345044317,1.4296766758192663
潮州市,Chaozhou,2013,9,5,0,26.3999227222943,78.85207756546185,244.8658174507434,22.074642270919554,78.34986046776214,143.74048239715358,1.4550310682712255,1.3325046272243937,0.12176983619800509,0.17409149463062049,0.8439672566831622,11.052393345044317,1.4296766758192663
潮州市,Chaozhou,2013,10,4,0,23.182908900444225,68.08986723649822,9.86557163128654,22.074642270919554,78.34986046776214,143.74048239715358,1.0379719552285884,0.9505655675892604,0.11608793794743771,0.165968217227406,0.585336213166807,11.052393345044317,1.4296766758192663
潮州市,Chaozhou,2013,11,4,1,19.435216114324376,68.90827624673273,43.2571166122743,22.074642270919554,78.34986046776214,143.74048239715358,0.8012463831594713,0.7337743752615093,0.1126728033662227,0.1610856789718591,0.29285158874806727,11.052393345044317,1.4296766758192663
潮州市,Chaozhou,2013,12,5,0,13.930891749966738,63.01370431651806,90.02149339822354,22.074642270919554,78.34986046776214,143.74048239715358,0.42984825466520443,0.3936512428055909,0.11052393345044317,0.1580134897738994,0.0,11.052393345044317,1.4296766758192663
潮州市,Chaozhou,2014,1,4,0,13.550974115809623,64.0326803141151,3.290511972869888,22.074642270919554,78.34986046776214,143.74048239715358,0.3768244643444727,0.34509252299811755,0.11052393345044317,0.1580134897738994,0.0,11.052393345044317,1.4296766758192663
潮州市,Chaozhou,2014,2,4,0,13.910900322009336,78.71890093737595,56.38564090383918,22.074642270919554,78.34986046776214,143.74048239715358,0.4751433411530915,0.43513208376615514,0.11052393345044317,0.1580134897738994,0.0,11.052393345044317,1.4296766758192663
潮州市,Chaozhou,2014,3,5,0,17.636463244385,79.98847594576975,115.22655545626802,22.074642270919554,78.34986046776214,143.74048239715358,0.7547686056377251,0.691210436276745,0.11166774533135493,0.1596487709415639,0.16547954441674478,11.052393345044317,1.4296766758192663
潮州市,Chaozhou,2014,4,4,0,22.559485163673024,80.40583164668297,92.27590275946062,22.074642270919554,78.34986046776214,143.74048239715358,1.0988386203436606,1.006306723003842,0.1159090048547606,0.16571240075827334,0.5351322098140117,11.052393345044317,1.4296766758192663
潮州市,Chaozhou,2014,5,4,0,24.755608530829125,89.76868591069905,385.9389934068921,22.074642270919554,78.34986046776214,143.74048239715358,1.4228229187501558,1.30300868778569,0.11980928308540208,0.1712885375738271,0.7126084209567521,11.052393345044317,1.4296766758192663
潮州市,Chaozhou,2014,6,5,0,27.8325241393343,86.43941414526638,344.6301382789318,22.074642270919554,78.34986046776214,143.74048239715358,1.647989199659603,1.5092139831566187,0.12492163427916948,0.17859754683415313,0.9539867102617607,11.052393345044317,1.4296766758192663
潮州市,Chaozhou,2014,7,4,0,29.28308124832435,82.69349932621373,151.76595975653092,22.074642270919554,78.34986046776214,143.74048239715358,1.6633702806367257,1.5232998415418146,0.1266401645650634,0.1810544895005847,1.0579815394917993,11.052393345044317,1.4296766758192663
潮州市,Chaozhou,2014,8,5,0,28.33592505165098,84.34515024544744,194.2933889686586,22.074642270919554,78.34986046776214,143.74048239715358,1.6155626551100788,1.4795180394758582,0.1251873218097964,0.17897739409974645,0.9910922319370936,11.052393345044317,1.4296766758192663
潮州市,Chaozhou,2014,9,4,21,27.49853728144525,83.00979383848417,129.22185296997017,22.074642270919554,78.34986046776214,143.74048239715358,1.5082578141709837,1.3812492119622255,0.12335392154578588,0.17635622450484972,0.9288684463476513,11.052393345044317,1.4296766758192663
潮州市,Chaozhou,2014,10,4,81,23.337707032365174,70.16461913560167,4.276470861846936,22.074642270919554,78.34986046776214,143.74048239715358,1.0566797245359962,0.9676979778248613,12.259722618119582,17.527439479139478,0.5978448689113993,11.052393345044317,1.4296766758192663
潮州市,Chaozhou,2014,11,5,33,19.927013109255174,73.80854269687386,59.84637172851575,22.074642270919554,78.34986046776214,143.74048239715358,0.8659429393366224,0.7930229111528866,22.922763459412295,32.77214026324391,0.3295095033955762,11.052393345044317,1.4296766758192663
潮州市,Chaozhou,2014,12,4,0,13.309161151435726,60.84022679178428,29.189476254058825,22.074642270919554,78.34986046776214,143.74048239715358,0.3582730734849562,0.3281033227667269,0.11052393345044317,0.1580134897738994,0.0,11.052393345044317,1.4296766758192663
潮州市,Chaozhou,2015,1,4,0,13.942984599584577,71.17365877289197,44.31145557620233,22.074642270919554,78.34986046776214,143.74048239715358,0.4472813114797539,0.40961628257594634,0.11052393345044317,0.1580134897738994,0.0,11.052393345044317,1.4296766758192663
潮州市,Chaozhou,2015,2,4,0,15.678526304856325,74.05540473313502,18.289173938201976,22.074642270919554,78.34986046776214,143.74048239715358,0.559575167522692,0.5124540061469407,0.11073715463821793,0.15831832713285146,0.04160786826078875,11.052393345044317,1.4296766758192663
潮州市,Chaozhou,2015,3,5,0,19.07971307958316,79.4722682973577,41.9616368177185,22.074642270919554,78.34986046776214,143.74048239715358,0.8208516589463314,0.7517287140200902,0.11252956310973987,0.16088089171812722,0.2668023213548668,11.052393345044317,1.4296766758192663
潮州市,Chaozhou,2015,4,4,0,21.92665493280377,74.11896920430745,81.20919185931393,22.074642270919554,78.34986046776214,143.74048239715358,1.0194574485019126,0.9336101455216169,0.11504806882614305,0.16448154059878634,0.4845850698389949,11.052393345044317,1.4296766758192663
潮州市,Chaozhou,2015,5,5,0,25.72057128409826,88.3991829523388,415.8408086354674,22.074642270919554,78.34986046776214,143.74048239715358,1.5061108393399272,1.379283031336051,0.12142220316495492,0.17359449179152434,0.7901402008806754,11.052393345044317,1.4296766758192663
潮州市,Chaozhou,2015,6,4,1,28.9359774071373,84.79068735376453,131.58334455035418,22.074642270919554,78.34986046776214,143.74048239715358,1.6339150496290935,1.4963250006126332,0.12599530307230772,0.1801325460652579,1.033957837737802,11.052393345044317,1.4296766758192663
潮州市,Chaozhou,2015,7,4,1,27.7451139767878,85.11732203893237,280.1943882021792,22.074642270919554,78.34986046776214,143.74048239715358,1.6090930018890066,1.473593188081545,1.506678392381147,2.1540629555481945,0.9474490451115226,11.052393345044317,1.4296766758192663
潮州市,Chaozhou,2015,8,5,119,27.81152364178224,85.60273874788966,299.2944587686563,22.074642270919554,78.34986046776214,143.74048239715358,1.6246455601076208,1.487836083813045,1.9526792180386316,2.7916999333868353,0.9524184431491166,11.052393345044317,1.4296766758192663
潮州市,Chaozhou,2015,9,4,1028,26.5111181581521,83.22416189408929,165.50899201870658,22.074642270919554,78.34986046776214,143.74048239715358,1.4492534067567358,1.3272134957355375,135.12331335541492,193.18264946365468,0.8526949231424625,11.052393345044317,1.4296766758192663
潮州市,Chaozhou,2015,10,4,203,23.922090921076048,75.9041677677991,36.376047041351406,22.074642270919554,78.34986046776214,143.74048239715358,1.1481735617682491,1.051487227506894,721.6881343971578,1031.7806929631365,0.6451487918321865,11.052393345044317,1.4296766758192663
潮州市,Chaozhou,2015,11,5,30,21.93691352538232,74.48242643398888,22.38866329516601,22.074642270919554,78.34986046776214,143.74048239715358,0.9900679587569864,0.9066955098613575,225.18288549192752,321.93871918148943,0.4854002314282093,11.052393345044317,1.4296766758192663
潮州市,Chaozhou,2015,12,4,0,16.266817806865326,76.46778399216615,92.07003501284788,22.074642270919554,78.34986046776214,143.74048239715358,0.639091530451625,0.5852743904351935,4.206493615672566,6.013925809309721,0.07698982435945993,11.052393345044317,1.4296766758192663
潮州市,Chaozhou,2016,1,5,0,13.43568321162934,79.66655342117667,179.6547441023857,22.074642270919554,78.34986046776214,143.74048239715358,0.48712364594737817,0.44610354129861374,0.11052393345044317,0.1580134897738994,0.0,11.052393345044317,1.4296766758192663
潮州市,Chaozhou,2016,2,4,0,14.307432603504523,72.86723246571482,31.11033027026385,22.074642270919554,78.34986046776214,143.74048239715358,0.47154980526541596,0.43184115527476985,0.11052393345044317,0.1580134897738994,0.0,11.052393345044317,1.4296766758192663
潮州市,Chaozhou,2016,3,4,0,16.303353492676322,82.97875882459576,151.8173470937196,22.074642270919554,78.34986046776214,143.74048239715358,0.685272188762985,0.6275662302659875,0.1110212280729211,0.15872446029666645,0.07924177536881659,11.052393345044317,1.4296766758192663
潮州市,Chaozhou,2016,4,4,0,22.841068863731,88.33653867090982,227.23219321344,22.074642270919554,78.34986046776214,143.74048239715358,1.2096627356505751,1.10779847096354,0.11670287966474811,0.16684738505763294,0.5577680757160295,11.052393345044317,1.4296766758192663
潮州市,Chaozhou,2016,5,5,0,26.074492332558243,85.39155957748378,171.1096789090258,22.074642270919554,78.34986046776214,143.74048239715358,1.4268338723718346,1.3066818837586252,0.12121628914648393,0.17330010132209214,0.8182829982523797,11.052393345044317,1.4296766758192663
潮州市,Chaozhou,2016,6,4,0,28.220068928675477,87.95304196576225,276.4716729623724,22.074642270919554,78.34986046776214,143.74048239715358,1.6597538202554103,1.5199879190012178,0.12545992471163497,0.1793671281102657,0.9826388140641413,11.052393345044317,1.4296766758192663
潮州市,Chaozhou,2016,7,5,0,28.82249593275528,83.38897712964408,220.8726583993406,22.074642270919554,78.34986046776214,143.74048239715358,1.6637627378868698,1.523659250432256,0.12615630564160693,0.18036272768333195,1.025975603582554,11.052393345044317,1.4296766758192663
潮州市,Chaozhou,2016,8,4,7,27.5652033453998,87.65895636851248,450.639580590282,22.074642270919554,78.34986046776214,143.74048239715358,1.668595087266507,1.5280846734002906,0.1247948934593371,0.17841634844016457,0.9339115990960252,11.052393345044317,1.4296766758192663
潮州市,Chaozhou,2016,9,4,120,26.96349671322477,83.53617920114323,220.969400816681,22.074642270919554,78.34986046776214,143.74048239715358,1.5125850004128256,1.385212010981333,8.720149452154702,12.46699428140373,0.8879120978749668,11.052393345044317,1.4296766758192663
潮州市,Chaozhou,2016,10,5,11,24.88854090519446,82.97021965018544,329.07018173795734,22.074642270919554,78.34986046776214,143.74048239715358,1.3861320761473648,1.269407537534603,112.22434290873643,160.44452551576376,0.7233398798025164,11.052393345044317,1.4296766758192663
潮州市,Chaozhou,2016,11,4,7,20.00935475980545,81.2186108831978,119.81529796798726,22.074642270919554,78.34986046776214,143.74048239715358,0.9290842584765849,0.8508471746739518,13.535643045750449,19.35159315472467,0.3357134402967897,11.052393345044317,1.4296766758192663
潮州市,Chaozhou,2016,12,4,1,17.407018364750673,72.54362669611437,40.45608268515049,22.074642270919554,78.34986046776214,143.74048239715358,0.67894432782722,0.6217712309967571,1.0717815065510177,1.532301021490424,0.1500969702656061,11.052393345044317,1.4296766758192663
潮州市,Chaozhou,2017,1,5,0,16.48084941040538,77.32362478378536,21.566714084442147,22.074642270919554,78.34986046776214,143.74048239715358,0.6259333590477333,0.5732242530437428,0.27093402238631237,0.38734805249160575,0.09027041285247914,11.052393345044317,1.4296766758192663
潮州市,Chaozhou,2017,2,4,0,14.9844171307934,68.07730416713267,45.51528378231818,22.074642270919554,78.34986046776214,143.74048239715358,0.5030797129385496,0.46071596680736926,0.11081188802514662,0.15842517171304837,0.0020833846697267816,11.052393345044317,1.4296766758192663
潮州市,Chaozhou,2017,3,4,0,17.721124519446725,79.91594101229458,73.5608433014217,22.074642270919554,78.34986046776214,143.74048239715358,0.7431631345971869,0.6805822481920676,0.11168915101438312,0.15967937414731928,0.17120892692033823,11.052393345044317,1.4296766758192663
潮州市,Chaozhou,2017,4,5,0,22.52086676396798,80.85900722127323,146.8898869276646,22.074642270919554,78.34986046776214,143.74048239715358,1.1233548300059268,1.0287584517190145,0.11599727672308575,0.1658386009895488,0.53203385726716,11.052393345044317,1.4296766758192663
潮州市,Chaozhou,2017,5,4,0,25.2937472403871,82.76434233786742,152.9971425183289,22.074642270919554,78.34986046776214,143.74048239715358,1.3455497401974403,1.2322425919770494,0.11983925297991689,0.17133138483299168,0.7559647418555724,11.052393345044317,1.4296766758192663
潮州市,Chaozhou,2017,6,4,0,27.4678527360163,89.70680978870558,415.45573715463263,22.074642270919554,78.34986046776214,143.74048239715358,1.6573011077036344,1.517741746465276,0.12458645565465333,0.1781183497724492,0.9265424922890125,11.052393345044317,1.4296766758192663
潮州市,Chaozhou,2017,7,5,2,28.078063381500943,87.11247707468176,270.4286730181277,22.074642270919554,78.34986046776214,143.74048239715358,1.641622773819572,1.5033836664879845,0.12513990966491645,0.17890961006206102,0.9722053352233959,11.052393345044317,1.4296766758192663
潮州市,Chaozhou,2017,8,4,0,28.89781424956135,82.50333325948063,162.96272734341414,22.074642270919554,78.34986046776214,143.74048239715358,1.6368342197488084,1.4989983508777907,3.202298768935552,4.578251858951909,1.0312802658103701,11.052393345044317,1.4296766758192663
潮州市,Chaozhou,2017,9,4,3,27.96161374081335,81.92154264204237,122.53673690600512,22.074642270919554,78.34986046776214,143.74048239715358,1.5364215419768292,1.4070413056429236,0.9240125155355993,1.3210391416263336,0.9635923963552326,11.052393345044317,1.4296766758192663
潮州市,Chaozhou,2017,10,5,6,24.36214573403728,70.11805969822154,49.42977156463611,22.074642270919554,78.34986046776214,143.74048239715358,1.1581557801781073,1.0606288551402505,2.2767160072839836,3.254967773078278,0.6807885917036447,11.052393345044317,1.4296766758192663
潮州市,Chaozhou,2017,11,4,1,20.6810874955374,74.63864266459872,31.972737778418654,22.074642270919554,78.34986046776214,143.74048239715358,0.9078176579136894,0.8313714093289132,2.330376301860103,3.331684644651347,0.3869723338355075,11.052393345044317,1.4296766758192663
潮州市,Chaozhou,2017,12,5,0,15.83644213674472,61.4564128420472,24.624730348999005,22.074642270919554,78.34986046776214,143.74048239715358,0.518171225596161,0.4745366410779026,0.17820867970038176,0.25478079279618215,0.050940478707362784,11.052393345044317,1.4296766758192663
潮州市,Chaozhou,2018,1,4,0,13.195128610012931,73.91473207633767,68.81311861752286,22.074642270919554,78.34986046776214,143.74048239715358,0.4176196011069425,0.38245234966410735,0.11052393345044317,0.1580134897738994,0.0,11.052393345044317,1.4296766758192663
潮州市,Chaozhou,2018,2,4,0,15.8892694494249,69.90793950293424,12.779885736318366,22.074642270919554,78.34986046776214,143.74048239715358,0.5547492920132945,0.5080345118922088,0.11079872865869736,0.15840635807376732,0.054089870239464426,11.052393345044317,1.4296766758192663
潮州市,Chaozhou,2018,3,4,0,18.84138144931028,70.41319441680464,45.93550458273336,22.074642270919554,78.34986046776214,143.74048239715358,0.7692341326043747,0.704457838369129,0.11228201026074058,0.16052697118388035,0.2495645182070066,11.052393345044317,1.4296766758192663
潮州市,Chaozhou,2018,4,5,0,23.32317804457988,72.47071635551715,36.47579530148301,22.074642270919554,78.34986046776214,143.74048239715358,1.0877830871551946,0.9961821631567682,0.11646785653604862,0.16651137797225318,0.5966702984090724,11.052393345044317,1.4296766758192663
潮州市,Chaozhou,2018,5,4,1,27.94817375710145,76.49927868954038,78.83216537073812,22.074642270919554,78.34986046776214,143.74048239715358,1.4820874058214981,1.3572825826699217,0.12358906927177406,0.17669240972406697,0.9625951138067613,11.052393345044317,1.4296766758192663
潮州市,Chaozhou,2018,6,4,1,27.178576290955824,84.52524511590815,197.1838870059901,22.074642270919554,78.34986046776214,143.74048239715358,1.5236318547724848,1.3953286228334834,1.3725629505047927,1.9623212364303761,0.9044743986484964,11.052393345044317,1.4296766758192663
潮州市,Chaozhou,2018,7,5,1,28.428313586209363,83.39253696111261,202.7670774418946,22.074642270919554,78.34986046776214,143.74048239715358,1.6226943974774692,1.4860492262745093,2.0381265922658116,2.9138620513294344,0.9977941846038941,11.052393345044317,1.4296766758192663
潮州市,Chaozhou,2018,8,4,11,27.4636338943459,86.82280903052137,384.9492888306885,22.074642270919554,78.34986046776214,143.74048239715358,1.633678796161244,1.4961086417691887,1.9119721968538341,2.7335020546568494,0.9262224645320954,11.052393345044317,1.4296766758192663
潮州市,Chaozhou,2018,9,5,78,26.721388877442894,77.59096871511382,178.1306412810672,22.074642270919554,78.34986046776214,143.74048239715358,1.4445891946292224,1.3229420513809835,13.103283207345418,18.733458378196012,0.8691247696406472,11.052393345044317,1.4296766758192663
潮州市,Chaozhou,2018,10,4,225,22.25925112949705,75.95216367923052,139.74091957214307,22.074642270919554,78.34986046776214,143.74048239715358,1.0793562925934637,0.9884649789735349,41.18271574780758,58.877968151535285,0.5110884269985161,11.052393345044317,1.4296766758192663
潮州市,Chaozhou,2018,11,4,47,20.608126620457625,81.16787399549695,46.63467914862038,22.074642270919554,78.34986046776214,143.74048239715358,0.9371027068055562,0.8581903989765151,81.40502428697238,116.3828645175853,0.3813519075684347,11.052393345044317,1.4296766758192663
潮州市,Chaozhou,2018,12,5,7,16.8668018633489,76.05544829946909,38.70207327072152,22.074642270919554,78.34986046776214,143.74048239715358,0.6554232490723366,0.6002308343951711,7.996619634700557,11.432580577129768,0.11474618483003284,11.052393345044317,1.4296766758192663
潮州市,Chaozhou,2019,1,4,0,16.204477322405175,73.94781834640767,7.393010166290227,22.074642270919554,78.34986046776214,143.74048239715358,0.5884416391229932,0.5388896664003978,0.94241557948545,1.3473495729190457,0.07316181181428487,11.052393345044317,1.4296766758192663
潮州市,Chaozhou,2019,2,4,0,17.8836844289661,82.55950999358788,28.242477172149425,22.074642270919554,78.34986046776214,143.74048239715358,0.7419642880524802,0.6794843550934331,0.3706354815566264,0.5298889032125506,0.182289174175752,11.052393345044317,1.4296766758192663
潮州市,Chaozhou,2019,3,5,0,18.561288658010803,81.57763361006262,174.88423105838024,22.074642270919554,78.34986046776214,143.74048239715358,0.8480126001424879,0.7766024645625095,0.11230662266681077,0.16056215896677467,0.22954977581378735,11.052393345044317,1.4296766758192663
潮州市,Chaozhou,2019,4,4,0,22.88548791786095,84.23516850637317,142.2682817762755,22.074642270919554,78.34986046776214,143.74048239715358,1.1622446393767034,1.0643733963538426,0.11649874388602653,0.16655553689609448,0.5613453376466284,11.052393345044317,1.4296766758192663
潮州市,Chaozhou,2019,5,4,3,24.48568128733785,84.92924355659358,256.6423447661135,22.074642270919554,78.34986046776214,143.74048239715358,1.3359529608094656,1.2234539460025537,0.1189753854936939,0.17009633363694004,0.6907862834448762,11.052393345044317,1.4296766758192663
潮州市,Chaozhou,2019,6,5,1,27.68885096838344,87.58709277368122,324.105845094909,22.074642270919554,78.34986046776214,143.74048239715358,1.6331969140663731,1.4956673383941652,4.342785864465608,6.208779658504088,0.9432271072521525,11.052393345044317,1.4296766758192663
潮州市,Chaozhou,2019,7,4,2,28.413526006875927,87.04458940235679,260.3105123770755,22.074642270919554,78.34986046776214,143.74048239715358,1.6648745909858116,1.5246774757000463,2.997920523072703,4.286057047796938,0.996723857872243,11.052393345044317,1.4296766758192663
潮州市,Chaozhou,2019,8,4,40,28.73506864438593,84.30809290952158,241.0073121089178,22.074642270919554,78.34986046776214,143.74048239715358,1.6702887495462346,1.5296357143875967,3.698292910417217,5.287363114371247,1.019784998827296,11.052393345044317,1.4296766758192663
潮州市,Chaozhou,2019,9,5,133,27.3694575346626,74.9650502287324,89.04652814907804,22.074642270919554,78.34986046776214,143.74048239715358,1.4346569467762151,1.313846186343135,49.135391748761656,70.24772354044697,0.9190642497135206,11.052393345044317,1.4296766758192663
潮州市,Chaozhou,2019,10,4,121,24.052981116433926,71.00687528329583,29.22283456368976,22.074642270919554,78.34986046776214,143.74048239715358,1.1284380693063767,1.0334136374651073,98.37159624015997,140.63957670766695,0.6557515239442159,11.052393345044317,1.4296766758192663
潮州市,Chaozhou,2019,11,4,60,20.13145974570985,64.91787403481393,0.0822342054748534,22.074642270919554,78.34986046776214,143.74048239715358,0.8043549080653348,0.7366211349707895,40.99440276379158,58.60874147053368,0.3449466034637694,11.052393345044317,1.4296766758192663
潮州市,Chaozhou,2019,12,5,4,16.78315983304534,68.33329474316767,52.35368941906794,22.074642270919554,78.34986046776214,143.74048239715358,0.6247946315002576,0.5721814163928649,6.137775149424676,8.77503397255557,0.10938537441050827,11.052393345044317,1.4296766758192663
东莞市,Dongguan,2005,1,5,0,14.299616293920518,66.23395157480664,27.139341843907296,23.194140204236287,74.13579036939,163.21111041144619,0.32117809057560825,0.3397627516743454,0.1527297173526495,0.16263600010179713,0.0,15.27297173526495,1.0648615274149578
东莞市,Dongguan,2005,2,4,0,15.338357547472,78.2072150874306,62.57349229304038,23.194140204236287,74.13579036939,163.21111041144619,0.434766700724934,0.45992405742852543,0.15283057105600134,0.16274339533039384,0.021928338325180808,15.27297173526495,1.0648615274149578
东莞市,Dongguan,2005,3,4,0,18.3464487936175,75.46172798600736,120.03458162968371,23.194140204236287,74.13579036939,163.21111041144619,0.6254134726464502,0.6616024213225193,0.1541480827693855,0.16414636286589518,0.21438334731313674,15.27297173526495,1.0648615274149578
东莞市,Dongguan,2005,4,4,0,23.237018487396952,79.21746853713091,125.1377468692897,23.194140204236287,74.13579036939,163.21111041144619,0.9454999801498861,1.000210426520797,0.15862802936759496,0.16891688564320195,0.5897071114787871,15.27297173526495,1.0648615274149578
东莞市,Dongguan,2005,5,5,0,27.44114384847814,85.48342516202514,477.2406023734978,23.194140204236287,74.13579036939,163.21111041144619,1.38436679035048,1.4644718423137102,0.1662689866387489,0.17705344707387535,0.9245155075640629,15.27297173526495,1.0648615274149578
东莞市,Dongguan,2005,6,4,0,27.77649494132435,86.98428972066513,556.1054100596557,23.194140204236287,74.13579036939,163.21111041144619,1.4383094825512146,1.5215358764824087,0.16718125237524015,0.17802488375944375,0.9497991631982213,15.27297173526495,1.0648615274149578
东莞市,Dongguan,2005,7,5,0,29.77255788472386,80.37647379037098,173.92924381394,23.194140204236287,74.13579036939,163.21111041144619,1.411476567775721,1.4931503009183162,0.16901660148670783,0.17997927641762093,1.0907732546443287,15.27297173526495,1.0648615274149578
东莞市,Dongguan,2005,8,4,0,28.31803225135548,83.83809888317805,307.5897296470424,23.194140204236287,74.13579036939,163.21111041144619,1.3823564737165719,1.4623452006425763,0.16720386709857263,0.17804896530827366,0.9897902177654748,15.27297173526495,1.0648615274149578
东莞市,Dongguan,2005,9,4,1,28.53060328027475,77.8495026735353,112.7084372708357,23.194140204236287,74.13579036939,163.21111041144619,1.2823156848684496,1.3565156478303224,0.16636504162156052,0.17715573232958795,1.0051726488168433,15.27297173526495,1.0648615274149578
东莞市,Dongguan,2005,10,5,0,25.37106489315476,63.22740476395492,5.019603936913492,23.194140204236287,74.13579036939,163.21111041144619,0.9367281343415724,0.9909310062970997,0.9079894077664129,0.9668829876307453,0.7621718218668014,15.27297173526495,1.0648615274149578
东莞市,Dongguan,2005,11,4,0,21.60249555740157,66.0790203619568,24.252216596560043,23.194140204236287,74.13579036939,163.21111041144619,0.737148582112785,0.7798029753605576,0.2600876458203064,0.27695732778997206,0.4589104849124136,15.27297173526495,1.0648615274149578
东莞市,Dongguan,2005,12,4,0,15.003564016544075,43.40615682978368,10.11362047966466,23.194140204236287,74.13579036939,163.21111041144619,0.22237301154827754,0.23524041184237518,0.15273710416803107,0.16264386603730707,0.003140113266983744,15.27297173526495,1.0648615274149578
东莞市,Dongguan,2006,1,5,0,16.463838273492378,66.50591721167774,18.0847180123979,23.194140204236287,74.13579036939,163.21111041144619,0.43936129516531536,0.46478451365420975,0.15314433827925986,0.16307751397500564,0.08920713027861844,15.27297173526495,1.0648615274149578
东莞市,Dongguan,2006,2,4,0,17.0653898542702,67.25761907796854,52.58676336828607,23.194140204236287,74.13579036939,163.21111041144619,0.491473117002195,0.519911735907539,0.15339310748307844,0.1633424187293577,0.1275966831698746,15.27297173526495,1.0648615274149578
东莞市,Dongguan,2006,3,4,0,19.39852427860555,81.9275089712034,135.58833681303338,23.194140204236287,74.13579036939,163.21111041144619,0.7179126881976541,0.7594540149572884,0.1549332349714089,0.16498244123899503,0.2901449693281734,15.27297173526495,1.0648615274149578
东莞市,Dongguan,2006,4,5,0,24.26929990632968,83.15470907751784,311.7994428451341,23.194140204236287,74.13579036939,163.21111041144619,1.100305991106592,1.163974138311086,0.16056642423411516,0.17098100776149797,0.6732715636480231,15.27297173526495,1.0648615274149578
东莞市,Dongguan,2006,5,4,0,25.51687683318848,82.068375355705,557.3416082281547,23.194140204236287,74.13579036939,163.21111041144619,1.2549629853379851,1.3275802106666705,0.1630033156938605,0.17357595972346684,0.773858954710685,15.27297173526495,1.0648615274149578
东莞市,Dongguan,2006,6,4,0,28.271352913027023,85.55255681821137,332.7396395104949,23.194140204236287,74.13579036939,163.21111041144619,1.3958172608313273,1.4765848832486201,0.1672945642835842,0.1781455452512373,0.986387379159043,15.27297173526495,1.0648615274149578
东莞市,Dongguan,2006,7,5,0,29.3720109719688,83.9475240611836,428.04079107160806,23.194140204236287,74.13579036939,163.21111041144619,1.502322374937263,1.5892528132782502,0.16963995670747709,0.18064306341013137,1.064037087966249,15.27297173526495,1.0648615274149578
东莞市,Dongguan,2006,8,4,0,29.442675376450275,81.36237716912942,108.66332335283248,23.194140204236287,74.13579036939,163.21111041144619,1.3589822949078991,1.4376184974732227,0.16809525313252946,0.1789981680019093,1.0688187309002086,15.27297173526495,1.0648615274149578
东莞市,Dongguan,2006,9,4,0,26.51587301229,75.48596956827515,133.95858617249397,23.194140204236287,74.13579036939,163.21111041144619,1.1466812302795635,1.213032836065737,0.16307770675061686,0.17365517589779045,0.8530675419743188,15.27297173526495,1.0648615274149578
东莞市,Dongguan,2006,10,5,0,26.101935725227257,66.720443913447,37.50944538913567,23.194140204236287,74.13579036939,163.21111041144619,1.0227200157776755,1.0818987251910712,0.1616062263868916,0.17208825307011283,0.8204565573061776,15.27297173526495,1.0648615274149578
东莞市,Dongguan,2006,11,4,0,21.875390037540623,69.40371284442266,87.65991692907076,23.194140204236287,74.13579036939,163.21111041144619,0.8007936216678109,0.8471307738753433,0.15680029786433064,0.16697060468293146,0.4805138282321608,15.27297173526495,1.0648615274149578
东莞市,Dongguan,2006,12,5,0,16.466892671512237,56.1581412912558,24.342251716955023,23.194140204236287,74.13579036939,163.21111041144619,0.392036016639319,0.41472080343372036,0.15310046924023252,0.16303079952310076,0.08939794785150579,15.27297173526495,1.0648615274149578
东莞市,Dongguan,2007,1,4,0,14.385136076321452,52.9956742102801,14.49346305922447,23.194140204236287,74.13579036939,163.21111041144619,0.2585255834447425,0.27348491751719783,0.1527297173526495,0.16263600010179713,0.0,15.27297173526495,1.0648615274149578
东莞市,Dongguan,2007,2,4,0,20.04665888358345,76.39124742975633,53.24967696460645,23.194140204236287,74.13579036939,163.21111041144619,0.7034460338496269,0.7441502615785993,0.15524888974152065,0.16531856985963206,0.33853006831269655,15.27297173526495,1.0648615274149578
东莞市,Dongguan,2007,3,4,0,19.505443428688075,81.27901877359226,87.81281525114588,23.194140204236287,74.13579036939,163.21111041144619,0.7031481473783749,0.7438351381933842,0.15494666795831186,0.16499674550994625,0.2980432748911063,15.27297173526495,1.0648615274149578
东莞市,Dongguan,2007,4,5,0,21.939367380502382,77.81257040307628,198.06025985975785,23.194140204236287,74.13579036939,163.21111041144619,0.8861827780282677,0.9374608915872489,0.1572819828279241,0.16748353246899642,0.48559524094567774,15.27297173526495,1.0648615274149578
东莞市,Dongguan,2007,5,4,0,27.3118576064985,78.19862016616847,326.4376834556366,23.194140204236287,74.13579036939,163.21111041144619,1.2928136269605492,1.3676210432380145,0.16523897649319766,0.17595662889703076,0.914672906094725,15.27297173526495,1.0648615274149578
东莞市,Dongguan,2007,6,4,0,28.3733679612416,86.18654314976945,433.4259476212123,23.194140204236287,74.13579036939,163.21111041144619,1.4410012832768955,1.524383435666403,0.16787923238175806,0.17876813581528953,0.9938126244782859,15.27297173526495,1.0648615274149578
东莞市,Dongguan,2007,7,5,0,30.175892785843423,79.32168516783014,101.47944996545678,23.194140204236287,74.13579036939,163.21111041144619,1.39596167466877,1.4767376534537777,0.1692210262712973,0.18019696050598033,1.1167392447858344,15.27297173526495,1.0648615274149578
东莞市,Dongguan,2007,8,4,2,28.34940124171535,84.2340258110114,257.6827043655348,23.194140204236287,74.13579036939,163.21111041144619,1.366452302864781,1.4455207502511467,0.16707032394924154,0.17790676034630115,0.9920719985583373,15.27297173526495,1.0648615274149578
东莞市,Dongguan,2007,9,5,0,28.1009959314866,73.13742648467736,126.5400307184023,23.194140204236287,74.13579036939,163.21111041144619,1.2366192611433307,1.3081750445260996,2.7007812856460887,2.875958085046827,0.9738954962317363,15.27297173526495,1.0648615274149578
东莞市,Dongguan,2007,10,4,0,24.3575667773588,60.11695953054285,56.3578173068917,23.194140204236287,74.13579036939,163.21111041144619,0.8842626543903471,0.9354296618430105,0.5346195816247835,0.5692958242749127,0.6804179224616483,15.27297173526495,1.0648615274149578
东莞市,Dongguan,2007,11,4,0,19.599706888371376,50.9238753703601,2.4836132687426486,23.194140204236287,74.13579036939,163.21111041144619,0.518391003183827,0.5483871996664069,0.15440248954627675,0.1644172708549203,0.3050348721933742,15.27297173526495,1.0648615274149578
东莞市,Dongguan,2007,12,5,0,17.307098818526818,57.3505501081219,14.720608300482324,23.194140204236287,74.13579036939,163.21111041144619,0.4405092482114773,0.46599889189855986,0.15339826483056898,0.1633479105902839,0.14346546516359343,15.27297173526495,1.0648615274149578
东莞市,Dongguan,2008,1,4,0,13.551875898771408,72.99037020991796,71.69358015844756,23.194140204236287,74.13579036939,163.21111041144619,0.3192555582426605,0.33772897385826034,0.1527297173526495,0.16263600010179713,0.0,15.27297173526495,1.0648615274149578
东莞市,Dongguan,2008,2,4,1,12.640369328048152,59.46254431577493,21.173769138077706,23.194140204236287,74.13579036939,163.21111041144619,0.20070029010287424,0.21231361922907777,0.1527297173526495,0.16263600010179713,0.0,15.27297173526495,1.0648615274149578
东莞市,Dongguan,2008,3,5,0,20.3405179817987,70.7401594866376,63.681091242211096,23.194140204236287,74.13579036939,163.21111041144619,0.7031477479287008,0.7438347156299391,0.4211383033024907,0.448453976907634,0.360844392322468,15.27297173526495,1.0648615274149578
东莞市,Dongguan,2008,4,4,1,24.602758560516627,79.45796741812907,174.8827435174965,23.194140204236287,74.13579036939,163.21111041144619,1.056548886859049,1.1176850713395436,0.38752935004147715,0.4126650956032932,0.700255789726232,15.27297173526495,1.0648615274149578
东莞市,Dongguan,2008,5,4,0,25.884835250660352,79.45281188734623,214.01437856425576,23.194140204236287,74.13579036939,163.21111041144619,1.158014059711428,1.225021428765586,1.1366997181069942,1.2104277980355658,0.8032267662010281,15.27297173526495,1.0648615274149578
东莞市,Dongguan,2008,6,5,0,27.39399403916006,87.32605510105614,969.4405828426436,23.194140204236287,74.13579036939,163.21111041144619,1.5107098450254073,1.5981256162506663,0.5942591515293023,0.6328037077778097,0.9209318501769114,15.27297173526495,1.0648615274149578
东莞市,Dongguan,2008,7,4,0,28.8673675099823,82.67779538484257,200.5402243603901,23.194140204236287,74.13579036939,163.21111041144619,1.3712555503728223,1.4506019330534365,0.16765842933144637,0.17853301114187672,1.029139120707826,15.27297173526495,1.0648615274149578
东莞市,Dongguan,2008,8,5,0,28.70751392185864,82.04249669948987,260.3120753425176,23.194140204236287,74.13579036939,163.21111041144619,1.3831715340174768,1.463207423623352,0.16762263227103036,0.17849489222944517,1.0178266374224236,15.27297173526495,1.0648615274149578
东莞市,Dongguan,2008,9,4,0,28.4927962307806,73.41135635923052,109.9672885099068,23.194140204236287,74.13579036939,163.21111041144619,1.25574537675145,1.3284078744062762,0.16604635132864898,0.17681637129750585,1.0024506954952566,15.27297173526495,1.0648615274149578
东莞市,Dongguan,2008,10,4,2,26.252416710985123,70.64007331560686,69.67763272036221,23.194140204236287,74.13579036939,163.21111041144619,1.0722430017533748,1.1342873110876943,0.1621709640814321,0.17268962051411005,0.8323505549691084,15.27297173526495,1.0648615274149578
东莞市,Dongguan,2008,11,5,1,19.74112111049776,49.42273340040604,14.559524425619127,23.194140204236287,74.13579036939,163.21111041144619,0.5203740451471071,0.550484988444347,0.5001651483583501,0.5326066238406016,0.315572121219456,15.27297173526495,1.0648615274149578
东莞市,Dongguan,2008,12,4,0,15.718065410169077,45.12439407253862,3.427933537977641,23.194140204236287,74.13579036939,163.21111041144619,0.2697281930918772,0.28533575538980177,0.17278676870581935,0.18399398244117382,0.04393300474595618,15.27297173526495,1.0648615274149578
东莞市,Dongguan,2009,1,4,0,13.549523074789324,50.913749993900176,5.179785287722469,23.194140204236287,74.13579036939,163.21111041144619,0.19912242753724005,0.21064445516467029,0.1527297173526495,0.16263600010179713,0.0,15.27297173526495,1.0648615274149578
东莞市,Dongguan,2009,2,4,0,21.58523941111065,74.58297757588008,8.370659379204401,23.194140204236287,74.13579036939,163.21111041144619,0.7661259907594218,0.8104571338697152,0.15643795185118736,0.166584756353923,0.45754850485824367,15.27297173526495,1.0648615274149578
东莞市,Dongguan,2009,3,5,0,19.17525592062844,77.80123036612659,187.82508875208973,23.194140204236287,74.13579036939,163.21111041144619,0.7086375998474768,0.7496422325463798,0.15478197030508437,0.16482136531536878,0.27376431894235514,15.27297173526495,1.0648615274149578
东莞市,Dongguan,2009,4,4,0,23.064510354216324,73.46599831135023,114.92335174783597,23.194140204236287,74.13579036939,163.21111041144619,0.9056548787602584,0.9580597266875022,0.1582460184945564,0.168510096961449,0.5757784184269533,15.27297173526495,1.0648615274149578
东莞市,Dongguan,2009,5,5,0,26.32585047077908,76.10422861852548,232.2732870025453,23.194140204236287,74.13579036939,163.21111041144619,1.1796918998435608,1.2479536362534944,0.16318930560341355,0.17377401322263727,0.8381391701509829,15.27297173526495,1.0648615274149578
东莞市,Dongguan,2009,6,4,0,28.4288636958664,84.62015027427195,284.6960898390788,23.194140204236287,74.13579036939,163.21111041144619,1.3846604857606648,1.4647825321261432,0.16734581524939446,0.1782001204329715,0.9978339839654944,15.27297173526495,1.0648615274149578
东莞市,Dongguan,2009,7,4,0,29.492786343406078,80.98745348680748,167.2132458750112,23.194140204236287,74.13579036939,163.21111041144619,1.3914584107893444,1.4719738125440593,0.16851211938002603,0.1794420728309462,1.0721931255080757,15.27297173526495,1.0648615274149578
东莞市,Dongguan,2009,8,5,0,29.61860582765396,80.13744352068159,206.4047668820057,23.194140204236287,74.13579036939,163.21111041144619,1.4149790414291488,1.496855441838803,0.16890480012880632,0.17986022345287886,1.0806042002483982,15.27297173526495,1.0648615274149578
东莞市,Dongguan,2009,9,4,0,28.709733573791677,75.052870439538,141.78854240311307,23.194140204236287,74.13579036939,163.21111041144619,1.2955131212659512,1.370476741183316,0.16668095841836186,0.17749213997236588,1.0179845192897177,15.27297173526495,1.0648615274149578
东莞市,Dongguan,2009,10,4,0,25.741274964475224,60.8939179379567,13.853673498075404,23.194140204236287,74.13579036939,163.21111041144619,0.9497352888020378,1.004690807231904,0.1606847771159476,0.17110703719202003,0.7917918334712013,15.27297173526495,1.0648615274149578
东莞市,Dongguan,2009,11,5,0,18.275613712068218,62.61257139629322,49.18686042854184,23.194140204236287,74.13579036939,163.21111041144619,0.5378798565636091,0.5690037567902929,0.15392132020269983,0.16390489213277373,0.2094191533588555,15.27297173526495,1.0648615274149578
东莞市,Dongguan,2009,12,4,0,15.7422115380436,71.35995748760833,74.35429794420354,23.194140204236287,74.13579036939,163.21111041144619,0.4400285265956143,0.46549035378905734,0.15294084867169133,0.16286082572067714,0.04535675494094392,15.27297173526495,1.0648615274149578
东莞市,Dongguan,2010,1,5,0,16.28970016962168,76.74407659919049,60.73366208696682,23.194140204236287,74.13579036939,163.21111041144619,0.4849262766785579,0.5129860689694704,0.153131895834698,0.16306426449448472,0.0783994939387769,15.27297173526495,1.0648615274149578
东莞市,Dongguan,2010,2,4,0,18.621372082404093,84.87154164180318,104.200063350355,23.194140204236287,74.13579036939,163.21111041144619,0.6669704982282806,0.7055641041937861,0.1543794705948055,0.16439275885909715,0.23382046115300847,15.27297173526495,1.0648615274149578
东莞市,Dongguan,2010,3,4,0,18.897764140573774,72.38567368637987,49.38480378515707,23.194140204236287,74.13579036939,163.21111041144619,0.6176495453973779,0.65338924189544,0.1543868798860116,0.16440064872824794,0.2536256226923427,15.27297173526495,1.0648615274149578
东莞市,Dongguan,2010,4,4,0,21.25796567836505,82.07231819220793,189.313919259994,23.194140204236287,74.13579036939,163.21111041144619,0.8554108874364865,0.9049084151622598,0.1566372670662356,0.1667969994582563,0.4318171483558839,15.27297173526495,1.0648615274149578
东莞市,Dongguan,2010,5,5,0,25.95100420466332,83.08254242175967,362.5065419274598,23.194140204236287,74.13579036939,163.21111041144619,1.2322966874568226,1.3036023492734097,0.16326916600556965,0.1738590534924572,0.8084864727955215,15.27297173526495,1.0648615274149578
东莞市,Dongguan,2010,6,4,0,28.0335726549889,86.55665077996657,468.9425089278216,23.194140204236287,74.13579036939,163.21111041144619,1.4292412873876608,1.511942958933247,0.1673792447606758,0.1782357182334153,0.9689206409190386,15.27297173526495,1.0648615274149578
东莞市,Dongguan,2010,7,4,2,29.559419240199524,82.28608195864493,183.309041546046,23.194140204236287,74.13579036939,163.21111041144619,1.4099803577595345,1.491567514149545,0.16878880729165976,0.17973670714314577,1.0766586015495758,15.27297173526495,1.0648615274149578
东莞市,Dongguan,2010,8,5,12,29.102366935377923,80.63904700992353,257.5142276874961,23.194140204236287,74.13579036939,163.21111041144619,1.4034079712447494,1.4846148228145641,3.257205842745091,3.4684731888104623,1.0455493497993338,15.27297173526495,1.0648615274149578
东莞市,Dongguan,2010,9,4,21,28.1911189479162,81.82041857794185,343.6726205381423,23.194140204236287,74.13579036939,163.21111041144619,1.3778113014431994,1.4575370263500294,18.159912605685868,19.3377922750128,0.9805181434415614,15.27297173526495,1.0648615274149578
东莞市,Dongguan,2010,10,5,7,23.23108415345966,62.456964903489485,61.50620076536591,23.194140204236287,74.13579036939,163.21111041144619,0.8335448368039502,0.8817771065544823,12.93408930473022,13.77301409275649,0.5892276620014797,15.27297173526495,1.0648615274149578
东莞市,Dongguan,2010,11,4,2,20.490123468598878,56.22965195699821,0.1172870110467507,23.194140204236287,74.13579036939,163.21111041144619,0.6034586752898701,0.6383772307469241,3.313609346749604,3.528535110236264,0.37228790605983614,15.27297173526495,1.0648615274149578
东莞市,Dongguan,2010,12,4,2,15.7125167058804,53.32386808560602,20.598132601975763,23.194140204236287,74.13579036939,163.21111041144619,0.33329372600746876,0.35257944668998215,0.215765838978594,0.22976074085871542,0.04360623954556457,15.27297173526495,1.0648615274149578
东莞市,Dongguan,2011,1,5,0,11.767780997524213,58.4551280954624,14.983484731207794,23.194140204236287,74.13579036939,163.21111041144619,0.14753901387409327,0.15607621691548945,0.1527297173526495,0.16263600010179713,0.0,15.27297173526495,1.0648615274149578
东莞市,Dongguan,2011,2,4,0,16.27596286490355,71.3098115128144,38.48847428713983,23.194140204236287,74.13579036939,163.21111041144619,0.456306060215591,0.48270977122591713,0.17519104639799207,0.18655420525679056,0.07755291199892402,15.27297173526495,1.0648615274149578
东莞市,Dongguan,2011,3,4,0,17.637546423106926,64.46611385276327,19.048690823706227,23.194140204236287,74.13579036939,163.21111041144619,0.49710454829949907,0.5258690245569858,0.15360030754997886,0.16356305810907776,0.1655526674275539,15.27297173526495,1.0648615274149578
东莞市,Dongguan,2011,4,4,0,23.816922713546127,70.82926415604967,113.06368317822265,23.194140204236287,74.13579036939,163.21111041144619,0.9397783662751934,0.9941577369659156,0.15905882551766048,0.1693756238895652,0.6366301774532152,15.27297173526495,1.0648615274149578
东莞市,Dongguan,2011,5,5,0,26.04548518806688,78.87623869857458,186.63012442896533,23.194140204236287,74.13579036939,163.21111041144619,1.1548399945196328,1.2216636993462933,0.16269829952717993,0.17325115974232913,0.8159841517648898,15.27297173526495,1.0648615274149578
东莞市,Dongguan,2011,6,4,1,28.775395316955,83.32535041938735,283.8285639142241,23.194140204236287,74.13579036939,163.21111041144619,1.4033088579320683,1.4845099744054346,0.16791098210738262,0.1788019448766131,1.0226448468837934,15.27297173526495,1.0648615274149578
东莞市,Dongguan,2011,7,5,1,29.37078781612116,82.05223047947382,275.1990871321636,23.194140204236287,74.13579036939,163.21111041144619,1.4364455167238854,1.5195640540664235,1.769476098552949,1.8842470210293536,1.0639540839846873,15.27297173526495,1.0648615274149578
东莞市,Dongguan,2011,8,4,0,29.4125673579696,77.86213251911022,103.81375535449912,23.194140204236287,74.13579036939,163.21111041144619,1.3375919483024252,1.4149904190482003,2.1150669104457975,2.2522533808421477,1.0667847133188055,15.27297173526495,1.0648615274149578
东莞市,Dongguan,2011,9,4,1,28.437744633580927,69.73907365242647,81.18116749919142,23.194140204236287,74.13579036939,163.21111041144619,1.2157983494583702,1.286149350825223,0.5379866212868831,0.5728812552723628,0.9984763269964043,15.27297173526495,1.0648615274149578
东莞市,Dongguan,2011,10,5,0,24.51926847254632,67.11020755895251,155.847921164224,23.194140204236287,74.13579036939,163.21111041144619,0.9832901264184236,1.0401872632326763,0.8741032336387542,0.9307989044909175,0.6935035082473826,15.27297173526495,1.0648615274149578
东莞市,Dongguan,2011,11,4,1,21.1350549575551,65.93482517777052,83.86926069738476,23.194140204236287,74.13579036939,163.21111041144619,0.737119692889239,0.779772414489895,0.25149687925250636,0.2678093509809191,0.4222050778942875,15.27297173526495,1.0648615274149578
东莞市,Dongguan,2011,12,4,0,15.767188507805823,46.35900135268477,1.8675947531875736,23.194140204236287,74.13579036939,163.21111041144619,0.2812179450994701,0.2974903508391966,0.16666194269522636,0.1774718908603829,0.04683252852832087,15.27297173526495,1.0648615274149578
东莞市,Dongguan,2012,1,5,0,13.11604794233074,75.8759062083992,70.43462244588805,23.194140204236287,74.13579036939,163.21111041144619,0.3027302459536716,0.32024744027817637,0.1527297173526495,0.16263600010179713,0.0,15.27297173526495,1.0648615274149578
东莞市,Dongguan,2012,2,4,0,15.56188519252,80.21423180970766,104.35652598517532,23.194140204236287,74.13579036939,163.21111041144619,0.469170663888352,0.4963187728088822,0.15290240702874391,0.1628198906940518,0.03479410523141722,15.27297173526495,1.0648615274149578
东莞市,Dongguan,2012,3,4,0,19.20818384236835,76.24199541794161,73.02841235213738,23.194140204236287,74.13579036939,163.21111041144619,0.6612640837514614,0.6995274935353079,0.15466160531016623,0.16469319326303297,0.2761704115092372,15.27297173526495,1.0648615274149578
东莞市,Dongguan,2012,4,5,0,24.58132645628206,84.99736348420694,509.88673223515343,23.194140204236287,74.13579036939,163.21111041144619,1.1883241641371292,1.2570853982124333,0.1615107450792646,0.17198657869903358,0.6985227685487119,15.27297173526495,1.0648615274149578
东莞市,Dongguan,2012,5,4,0,27.517249558467377,82.1644577584843,223.7101884413472,23.194140204236287,74.13579036939,163.21111041144619,1.2852360096600621,1.3596049544053843,0.1653779240264638,0.1761045887795351,0.9302854209843572,15.27297173526495,1.0648615274149578
东莞市,Dongguan,2012,6,4,0,28.596592932080878,84.56586635829808,303.5504539131668,23.194140204236287,74.13579036939,163.21111041144619,1.403778219600104,1.485006495234662,0.16772692929599037,0.17860595411874894,1.0099088449421887,15.27297173526495,1.0648615274149578
东莞市,Dongguan,2012,7,5,0,29.24101902190528,82.40511157783673,276.0177934793249,23.194140204236287,74.13579036939,163.21111041144619,1.4291508714395567,1.511847311153325,0.1686812618649813,0.17962218615582645,1.055102879414657,15.27297173526495,1.0648615274149578
东莞市,Dongguan,2012,8,4,0,29.25514367774715,80.8202645962884,117.3297384296821,23.194140204236287,74.13579036939,163.21111041144619,1.3483394869558119,1.4263598536819784,0.16779308402135892,0.1786763997406506,1.0560705722209673,15.27297173526495,1.0648615274149578
东莞市,Dongguan,2012,9,5,0,27.07000513425292,69.94996352773455,89.09225941636636,23.194140204236287,74.13579036939,163.21111041144619,1.131747736854596,1.197235230416222,0.1634584955900826,0.1740606632830065,0.8961295128028616,15.27297173526495,1.0648615274149578
东莞市,Dongguan,2012,10,4,1,24.42841061495593,65.06919189065725,63.44061767712012,23.194140204236287,74.13579036939,163.21111041144619,0.9230952244989794,0.9765092412472285,0.15943005545223735,0.16977093236472088,0.6861520420462117,15.27297173526495,1.0648615274149578
东莞市,Dongguan,2012,11,4,0,20.593428553452124,76.8472481896833,157.8342552844109,23.194140204236287,74.13579036939,163.21111041144619,0.7824918472032504,0.8277699848456243,0.4674653718298879,0.4977858898603756,0.38022114867566176,15.27297173526495,1.0648615274149578
东莞市,Dongguan,2012,12,5,0,15.34206326886526,69.74554783984657,61.95765236031817,23.194140204236287,74.13579036939,163.21111041144619,0.4065317687463122,0.4300553382851934,0.15558608733676382,0.16567763860594334,0.022139553756839986,15.27297173526495,1.0648615274149578
东莞市,Dongguan,2013,1,4,0,15.98459100910555,66.94012032940613,6.508406730395464,23.194140204236287,74.13579036939,163.21111041144619,0.4090195470024616,0.43268706943581475,0.15298849450608284,0.16291156193666226,0.059806999495213016,15.27297173526495,1.0648615274149578
东莞市,Dongguan,2013,2,4,0,18.5695900969047,76.33999536144373,26.536323455100064,23.194140204236287,74.13579036939,163.21111041144619,0.6023633653077185,0.6372185417068179,0.15419620628111064,0.16419760774209538,0.23013908611841066,15.27297173526495,1.0648615274149578
东莞市,Dongguan,2013,3,5,1,20.78357758018672,76.6321315337891,320.40885821651784,23.194140204236287,74.13579036939,163.21111041144619,0.8472139165800562,0.8962371344762581,0.15626884891483675,0.16640468514283033,0.3948878512220353,15.27297173526495,1.0648615274149578
东莞市,Dongguan,2013,4,4,0,21.677951844610423,80.92383161967443,196.9977070988703,23.194140204236287,74.13579036939,163.21111041144619,0.8809713119289097,0.9319478690177389,0.5859660886249565,0.6239727441465397,0.46487189431414494,15.27297173526495,1.0648615274149578
东莞市,Dongguan,2013,5,4,0,26.8962729989736,88.52943741378365,367.68223112006217,23.194140204236287,74.13579036939,163.21111041144619,1.3220899975857205,1.3985914628728637,0.5230950509479739,0.5570237949356647,0.8827103158834592,15.27297173526495,1.0648615274149578
东莞市,Dongguan,2013,6,5,0,28.65157285487092,83.84970508175417,324.2818590275747,23.194140204236287,74.13579036939,163.21111041144619,1.4125423551747867,1.4942777590794796,0.16787930721478575,0.1787682155021017,1.0138402830454263,15.27297173526495,1.0648615274149578
东莞市,Dongguan,2013,7,4,1,28.173164117652124,85.92881768771917,265.1016007100088,23.194140204236287,74.13579036939,163.21111041144619,1.364135373549952,1.4430697540514046,0.16686027442425894,0.17768308668829538,0.9792012501085295,15.27297173526495,1.0648615274149578
东莞市,Dongguan,2013,8,4,0,28.71631134939285,85.54137375720792,452.2921188772662,23.194140204236287,74.13579036939,163.21111041144619,1.469448190491226,1.5544763957884462,1.7358897153570743,1.8484821737190504,1.0184522597407664,15.27297173526495,1.0648615274149578
东莞市,Dongguan,2013,9,5,0,27.61080330195952,73.72992868797267,209.5209102013719,23.194140204236287,74.13579036939,163.21111041144619,1.245238787092002,1.317293331048074,0.5231603375277469,0.5570933161027215,0.9373529075218019,15.27297173526495,1.0648615274149578
东莞市,Dongguan,2013,10,4,12,24.684741053451976,56.398578043395446,4.035374349501368,23.194140204236287,74.13579036939,163.21111041144619,0.8485195337081797,0.8976182998829313,0.15907482707169476,0.16939266332883515,0.7068828387158328,15.27297173526495,1.0648615274149578
东莞市,Dongguan,2013,11,4,1,20.4619814464151,58.6840879570494,45.2792621978108,23.194140204236287,74.13579036939,163.21111041144619,0.6396914807332951,0.6767066126056822,3.1583720433074767,3.3632288781811006,0.3701311457045244,15.27297173526495,1.0648615274149578
东莞市,Dongguan,2013,12,5,0,13.82895214120866,49.1176207951246,114.1332948376388,23.194140204236287,74.13579036939,163.21111041144619,0.23883882761972064,0.25265900651354617,0.1527297173526495,0.16263600010179713,0.0,15.27297173526495,1.0648615274149578
东莞市,Dongguan,2014,1,4,0,15.014337270295076,55.597347535299605,2.239670513337379,23.194140204236287,74.13579036939,163.21111041144619,0.30129188154031405,0.3187258462923694,0.15308690218971954,0.163016352492969,0.0037355493362612926,15.27297173526495,1.0648615274149578
东莞市,Dongguan,2014,2,4,0,14.57024253809196,73.0689787905748,43.23454292905195,23.194140204236287,74.13579036939,163.21111041144619,0.3669973064003396,0.3882332523248456,0.1527297173526495,0.16263600010179713,0.0,15.27297173526495,1.0648615274149578
东莞市,Dongguan,2014,3,5,0,18.96279619829126,79.08035213509996,243.96813995428465,23.194140204236287,74.13579036939,163.21111041144619,0.7180482970223981,0.7595974706561618,0.15469193081414798,0.1647254857255226,0.25832280086497,15.27297173526495,1.0648615274149578
东莞市,Dongguan,2014,4,4,0,24.080533632622576,80.48698110558433,93.31978154058277,23.194140204236287,74.13579036939,163.21111041144619,0.9898818172285768,1.0471603758874977,0.15961985829885497,0.16997304611387784,0.6579833523939316,15.27297173526495,1.0648615274149578
东莞市,Dongguan,2014,5,4,1,26.1724924837351,88.41736662898172,456.10857290708793,23.194140204236287,74.13579036939,163.21111041144619,1.2985210365745012,1.373658706616278,0.16407666800131787,0.17471893130104027,0.8260385635831778,15.27297173526495,1.0648615274149578
东莞市,Dongguan,2014,6,5,0,29.305769347773506,83.54081055042994,275.6055001086645,23.194140204236287,74.13579036939,163.21111041144619,1.4387454556462198,1.5219970767409614,1.765331931837046,1.8798340573303949,1.0595304282301559,15.27297173526495,1.0648615274149578
东莞市,Dongguan,2014,7,4,0,29.88966694030565,81.46810306609757,180.021114517176,23.194140204236287,74.13579036939,163.21111041144619,1.4278635250065916,1.5104854736580013,0.650471871931037,0.6926624710849508,1.0984154063019795,15.27297173526495,1.0648615274149578
东莞市,Dongguan,2014,8,5,3,29.09732561273532,81.44480374095363,250.2058267376496,23.194140204236287,74.13579036939,163.21111041144619,1.4037445175787857,1.4849708430783162,0.16825063488818529,0.17916362805556937,1.0452001537862665,15.27297173526495,1.0648615274149578
东莞市,Dongguan,2014,9,4,138,28.515513333849924,77.01639264538944,94.30150654154724,23.194140204236287,74.13579036939,163.21111041144619,1.2672103957574476,1.3405363057027424,4.190774825163777,4.462594881376051,1.0040869689325034,15.27297173526495,1.0648615274149578
东莞市,Dongguan,2014,10,4,124,25.2383798057623,59.40928093229461,1.928278998948675,23.194140204236287,74.13579036939,163.21111041144619,0.901774779304954,0.9539551090115527,99.73186723221485,106.20062847284208,0.7515159050354818,15.27297173526495,1.0648615274149578
东莞市,Dongguan,2014,11,5,20,20.4926124177538,68.44771719819596,49.81034733555407,23.194140204236287,74.13579036939,163.21111041144619,0.6954932471208806,0.7357372944998192,45.48002166712347,48.429925339318466,0.3724787464036031,15.27297173526495,1.0648615274149578
东莞市,Dongguan,2014,12,4,2,14.1986636629805,49.80406286027807,27.145152856060108,23.194140204236287,74.13579036939,163.21111041144619,0.23431447465835759,0.24787285622246083,0.1527297173526495,0.16263600010179713,0.0,15.27297173526495,1.0648615274149578
东莞市,Dongguan,2015,1,4,0,15.534284940565977,62.378728633451054,50.98142445052486,23.194140204236287,74.13579036939,163.21111041144619,0.3829462536100986,0.4051050700151028,0.26029899360043485,0.2771823839099354,0.03319178288850317,15.27297173526495,1.0648615274149578
东莞市,Dongguan,2015,2,4,1,17.833996170949227,69.9202073627109,32.17442330126093,23.194140204236287,74.13579036939,163.21111041144619,0.537860624903245,0.568983412308411,0.21380146964521785,0.2276689595299694,0.1788914256884789,15.27297173526495,1.0648615274149578
东莞市,Dongguan,2015,3,5,0,20.843690123402855,80.79951966268192,52.47981737321451,23.194140204236287,74.13579036939,163.21111041144619,0.7674993887353936,0.811910002197763,0.4771212887068792,0.5080681042546005,0.3995412921088946,15.27297173526495,1.0648615274149578
东莞市,Dongguan,2015,4,4,0,23.23455018108965,74.11606575284398,104.0548891194747,23.194140204236287,74.13579036939,163.21111041144619,0.9143877172945629,0.9672978825188215,0.3237985790028185,0.34480064941173416,0.5895076885199335,15.27297173526495,1.0648615274149578
东莞市,Dongguan,2015,5,5,0,27.21118088175612,88.42339307523733,723.8803772161045,23.194140204236287,74.13579036939,163.21111041144619,1.446575070233589,1.5302797444409488,0.16660895650700322,0.17741546790705973,0.9069739833368945,15.27297173526495,1.0648615274149578
东莞市,Dongguan,2015,6,4,0,30.035880370159028,83.13116220326012,137.1964029320787,23.194140204236287,74.13579036939,163.21111041144619,1.4238733082147916,1.5062643668118605,0.16941671535771843,0.1804053422854452,1.1078399232392657,15.27297173526495,1.0648615274149578
东莞市,Dongguan,2015,7,4,0,28.935343049967077,81.7111637620636,308.1245971905548,23.194140204236287,74.13579036939,163.21111041144619,1.4169728286917813,1.4989645976825008,0.16822771300084208,0.17913921941960184,1.0339133874244602,15.27297173526495,1.0648615274149578
东莞市,Dongguan,2015,8,5,1,29.05719407619016,82.37282956732872,333.0068047641473,23.194140204236287,74.13579036939,163.21111041144619,1.438270256227469,1.5214943803651921,0.16859001597665996,0.17952502191981826,1.0424158530380911,15.27297173526495,1.0648615274149578
东莞市,Dongguan,2015,9,4,10,28.33488401870915,76.94317055703725,88.46501225468987,23.194140204236287,74.13579036939,163.21111041144619,1.251440459455762,1.323853857214468,1.4646907523748856,1.5596928317644843,0.9910165143022239,15.27297173526495,1.0648615274149578
东莞市,Dongguan,2015,10,4,5,25.07725152629105,69.53496973258437,78.77867989847854,23.194140204236287,74.13579036939,163.21111041144619,0.9962836337575433,1.0539326273685927,8.170084116967814,8.700008251903034,0.7385518790097286,15.27297173526495,1.0648615274149578
东莞市,Dongguan,2015,11,5,4,22.3777680301729,70.49564519054584,37.49702766609664,23.194140204236287,74.13579036939,163.21111041144619,0.8122249621187466,0.8592235778395722,3.730999017234197,3.972997312275713,0.5205672586520977,15.27297173526495,1.0648615274149578
东莞市,Dongguan,2015,12,4,0,16.21235569300185,70.95212216097634,134.6493703088814,23.194140204236287,74.13579036939,163.21111041144619,0.4869859037005122,0.5151648743267969,0.3613947494633901,0.3848353649133316,0.07364457213233945,15.27297173526495,1.0648615274149578
东莞市,Dongguan,2016,1,5,0,13.75389455806748,74.82590587805204,233.0020514022913,23.194140204236287,74.13579036939,163.21111041144619,0.38391975795628425,0.4061349052533477,0.1527297173526495,0.16263600010179713,0.0,15.27297173526495,1.0648615274149578
东莞市,Dongguan,2016,2,4,0,15.3170948940845,66.63500733815678,30.57028824433616,23.194140204236287,74.13579036939,163.21111041144619,0.38083502782719,0.40287168018417974,0.152813183472746,0.1627248799619305,0.020717792836252087,15.27297173526495,1.0648615274149578
东莞市,Dongguan,2016,3,4,1,17.799833979546797,79.45319891616998,185.907248559534,23.194140204236287,74.13579036939,163.21111041144619,0.6289742498426357,0.6653692394641524,0.15390449954524624,0.16388698046178557,0.17656094134180847,15.27297173526495,1.0648615274149578
东莞市,Dongguan,2016,4,4,1,24.42407791878865,87.34076395065073,372.3051014366001,23.194140204236287,74.13579036939,163.21111041144619,1.1461740046748388,1.2124962603395655,0.9842613497768199,1.0481020442988525,0.6858013996606438,15.27297173526495,1.0648615274149578
东莞市,Dongguan,2016,5,5,0,27.34961134338058,82.82210172122602,272.5401585868404,23.194140204236287,74.13579036939,163.21111041144619,1.296266508133589,1.371273722056965,1.7884097230733849,1.9044087093556863,0.9175523229079146,15.27297173526495,1.0648615274149578
东莞市,Dongguan,2016,6,4,0,29.00250325050815,85.99989633361855,369.9495092282988,23.194140204236287,74.13579036939,163.21111041144619,1.4640318291858978,1.5487466219490704,0.6352921936660394,0.6764982157020178,1.0386086173908669,15.27297173526495,1.0648615274149578
东莞市,Dongguan,2016,7,5,0,29.64699827998542,83.26020093730452,318.3247696513995,23.194140204236287,74.13579036939,163.21111041144619,1.4791842501583963,1.5647758231779512,0.1696682575526017,0.1806731998912979,1.0824898972142345,15.27297173526495,1.0648615274149578
东莞市,Dongguan,2016,8,4,4,28.78273924344917,85.11010350674125,315.8480633362429,23.194140204236287,74.13579036939,163.21111041144619,1.4241892073925209,1.5065985451914772,0.1681447041473986,0.17905082648513507,1.023164853301379,15.27297173526495,1.0648615274149578
东莞市,Dongguan,2016,9,4,2,27.9295016658962,77.44047777543898,132.7743003805055,23.194140204236287,74.13579036939,163.21111041144619,1.2500459751882476,1.3223786824569117,5.237056258282591,5.576739726352863,0.9612085041108505,15.27297173526495,1.0648615274149578
东莞市,Dongguan,2016,10,5,2,25.64065410545776,75.59866408026235,173.30988041950317,23.194140204236287,74.13579036939,163.21111041144619,1.1071902055362348,1.1712567011831043,3.09027571882473,3.2907157220810586,0.7837591234549661,15.27297173526495,1.0648615274149578
东莞市,Dongguan,2016,11,4,1,20.272845347765976,76.36107842652687,85.350914605377,23.194140204236287,74.13579036939,163.21111041144619,0.731577118566461,0.7739091244382864,0.8684284284006542,0.9247560227172918,0.3556861216984062,15.27297173526495,1.0648615274149578
东莞市,Dongguan,2016,12,4,1,17.999339393192052,60.30925182732277,5.788990447474675,23.194140204236287,74.13579036939,163.21111041144619,0.49070858658225314,0.5191029666706566,0.3107319265559424,0.3308864739289533,0.19023466844239903,15.27297173526495,1.0648615274149578
东莞市,Dongguan,2017,1,5,0,17.41592145911888,70.65011720935777,39.225838672020046,23.194140204236287,74.13579036939,163.21111041144619,0.5197311961477303,0.5498049416063204,0.26043475327042204,0.27732694915947925,0.1506898562733896,15.27297173526495,1.0648615274149578
东莞市,Dongguan,2017,2,4,1,16.740590384171348,63.36640868900855,18.330211304360013,23.194140204236287,74.13579036939,163.21111041144619,0.44126291536788237,0.4667961692796161,0.1676675066190085,0.17854267719617495,0.10666889354449048,15.27297173526495,1.0648615274149578
东莞市,Dongguan,2017,3,4,0,19.3508314597274,78.47980007667122,96.4110674220493,23.194140204236287,74.13579036939,163.21111041144619,0.6877820829201889,0.7275799312041341,0.36127810228101365,0.38471115181653753,0.28663295396729765,15.27297173526495,1.0648615274149578
东莞市,Dongguan,2017,4,5,2,23.751208937080342,78.6275825155864,192.45794276009428,23.194140204236287,74.13579036939,163.21111041144619,1.0044106749731223,1.0625299320023778,0.3539648214735661,0.3769235204455045,0.6313080320842711,15.27297173526495,1.0648615274149578
东莞市,Dongguan,2017,5,4,0,26.567008658923275,80.69083830766623,201.72943828028775,23.194140204236287,74.13579036939,163.21111041144619,1.2044180740273145,1.2741105667091028,2.3367379836074993,2.4883023783928304,0.8570717186248284,15.27297173526495,1.0648615274149578
东莞市,Dongguan,2017,6,4,2,28.802451230646447,86.41746201689296,383.4087420756444,23.194140204236287,74.13579036939,163.21111041144619,1.4560857623147287,1.5403407635659587,1.0996320665069899,1.1709558819350996,1.0245593827370796,15.27297173526495,1.0648615274149578
东莞市,Dongguan,2017,7,5,0,28.87658678529152,84.14900063801817,382.9543969204672,23.194140204236287,74.13579036939,163.21111041144619,1.451502484210532,1.535492278485361,3.3151925242400835,3.530220975036945,1.0297879224788247,15.27297173526495,1.0648615274149578
东莞市,Dongguan,2017,8,4,5,29.72602253565805,81.35244933475582,194.38909721316756,23.194140204236287,74.13579036939,163.21111041144619,1.4227001693599448,1.5050233454062456,1.1349506418720978,1.2085652740445088,1.087713940913788,15.27297173526495,1.0648615274149578
东莞市,Dongguan,2017,9,4,4,29.185097597865,80.91467880647015,191.7062380242804,23.194140204236287,74.13579036939,163.21111041144619,1.381389037744062,1.4613217849186095,7.833886615352062,8.342004466819391,1.0512615328494848,15.27297173526495,1.0648615274149578
东莞市,Dongguan,2017,10,5,5,24.9446804240361,63.3309793892018,56.41893313358342,23.194140204236287,74.13579036939,163.21111041144619,0.9408610603010423,0.9953030800395497,4.137201940819816,4.405547177925517,0.7278682340127607,15.27297173526495,1.0648615274149578
东莞市,Dongguan,2017,11,4,2,20.608718305824727,72.9795328508767,38.46748817321335,23.194140204236287,74.13579036939,163.21111041144619,0.7167513576103114,0.7582254850932121,1.9456783129272166,2.071877980161834,0.3813974378811414,15.27297173526495,1.0648615274149578
东莞市,Dongguan,2017,12,5,0,16.65879304964446,54.61801949414354,23.702727782134037,23.194140204236287,74.13579036939,163.21111041144619,0.3932370239061389,0.4159913058301457,0.300469661569369,0.31995858276061373,0.1014718626128784,15.27297173526495,1.0648615274149578
东莞市,Dongguan,2018,1,4,0,13.959548059832995,64.56993096943253,71.96785005897105,23.194140204236287,74.13579036939,163.21111041144619,0.3122120060376035,0.33027785328380543,0.1527297173526495,0.16263600010179713,0.0,15.27297173526495,1.0648615274149578
东莞市,Dongguan,2018,2,4,1,16.982583606064473,66.2077196826391,14.08634972515066,23.194140204236287,74.13579036939,163.21111041144619,0.4655345031186846,0.49247220909583944,0.15333160479888092,0.163276926887123,0.12221754550098264,15.27297173526495,1.0648615274149578
东莞市,Dongguan,2018,3,4,0,20.737130547701877,69.78698645710085,44.23257829261985,23.194140204236287,74.13579036939,163.21111041144619,0.7135083302297787,0.7547948030545016,0.4480792183906896,0.47714232089841013,0.3912977405817058,15.27297173526495,1.0648615274149578
东莞市,Dongguan,2018,4,5,1,23.82391565984204,75.91902426774399,120.29336920302458,23.194140204236287,74.13579036939,163.21111041144619,0.9671698386345756,1.0231341905109141,0.3483109967569893,0.370902980022074,0.637196571144703,15.27297173526495,1.0648615274149578
东莞市,Dongguan,2018,5,4,0,28.72413129574608,79.57849171036145,128.2736956644908,23.194140204236287,74.13579036939,163.21111041144619,1.311929563165562,1.387843104693721,1.5669530478175813,1.668588015886553,1.0190080749632233,15.27297173526495,1.0648615274149578
东莞市,Dongguan,2018,6,4,0,28.3952106463806,84.55331995622822,526.3306232666365,23.194140204236287,74.13579036939,163.21111041144619,1.464673503107445,1.5494254257145197,0.6154177092489665,0.6553346418690689,0.9953969263217853,15.27297173526495,1.0648615274149578
东莞市,Dongguan,2018,7,5,0,29.20080001135408,83.89605510866913,256.5531031405913,23.194140204236287,74.13579036939,163.21111041144619,1.4248685946269952,1.5073172445144096,0.1685918465496816,0.17952697122660213,1.0523417850329282,15.27297173526495,1.0648615274149578
东莞市,Dongguan,2018,8,4,9,28.2973954963485,86.7303679375498,374.3164063166388,23.194140204236287,74.13579036939,163.21111041144619,1.417613161831307,1.4996419830828676,0.16755048291363117,0.17841806315452308,0.9882869196895974,15.27297173526495,1.0648615274149578
东莞市,Dongguan,2018,9,5,10,27.6298337534487,72.20400292719899,199.78565939043824,23.194140204236287,74.13579036939,163.21111041144619,1.2341246602445182,1.3055360959471636,11.183313469416216,11.908680262602822,0.9387870781211659,15.27297173526495,1.0648615274149578
东莞市,Dongguan,2018,10,4,12,23.4175251456175,69.12688218872938,83.81252543110334,23.194140204236287,74.13579036939,163.21111041144619,0.8926336558796274,0.9442850432769392,7.399741894595626,7.879700456355551,0.6042993947226145,15.27297173526495,1.0648615274149578
东莞市,Dongguan,2018,11,4,6,21.835583065778376,74.59481640185754,42.00893400767241,23.194140204236287,74.13579036939,163.21111041144619,0.7995363466178995,0.8458007478147119,6.208941158654683,6.6116625658346235,0.477355252360907,15.27297173526495,1.0648615274149578
东莞市,Dongguan,2018,12,5,5,16.45882306619596,75.03608885988754,25.48749205115552,23.194140204236287,74.13579036939,163.21111041144619,0.47425414746053846,0.5016964072654605,0.5808681579657626,0.618544153918135,0.08889390791856874,15.27297173526495,1.0648615274149578
东莞市,Dongguan,2019,1,4,4,17.054813360504575,67.22064963572997,5.89653511449982,23.194140204236287,74.13579036939,163.21111041144619,0.47005030554921806,0.49724931408785805,0.581843089514908,0.619582321016683,0.12690798334569542,15.27297173526495,1.0648615274149578
东莞市,Dongguan,2019,2,4,1,19.618184657825577,83.21300374701762,94.32987951770066,23.194140204236287,74.13579036939,163.21111041144619,0.7190967859911389,0.7607066294299782,1.434707824421813,1.5277651653080029,0.30640843597312833,15.27297173526495,1.0648615274149578
东莞市,Dongguan,2019,3,5,4,20.58029799634676,80.43201417368438,241.5606679488523,23.194140204236287,74.13579036939,163.21111041144619,0.8243684420086274,0.8720697285059941,0.8802670521156657,0.93736251764895,0.37921140674747167,15.27297173526495,1.0648615274149578
东莞市,Dongguan,2019,4,4,4,24.524542127461974,85.01639921739874,248.2688559858674,23.194140204236287,74.13579036939,163.21111041144619,1.1021842490412523,1.1659610798334379,3.6318403590078336,3.86740707202037,0.6939301080057728,15.27297173526495,1.0648615274149578
东莞市,Dongguan,2019,5,4,4,26.0331641491834,86.31005277834528,315.4932749216444,23.194140204236287,74.13579036939,163.21111041144619,1.2347680167978332,1.3062166797082486,5.6885252870171525,6.057491725871696,0.8150072554019957,15.27297173526495,1.0648615274149578
东莞市,Dongguan,2019,6,5,21,28.99527714699848,85.7264593632558,398.6748196849734,23.194140204236287,74.13579036939,163.21111041144619,1.472540261823317,1.5577473868522569,8.561673366257946,9.1169965780214,1.0381044844081488,15.27297173526495,1.0648615274149578
东莞市,Dongguan,2019,7,4,30,29.268675821214877,85.59041552116157,304.2039201977294,23.194140204236287,74.13579036939,163.21111041144619,1.456637655011424,1.5409245910023885,36.3110286537013,38.66621743418867,1.0569966978595027,15.27297173526495,1.0648615274149578
东莞市,Dongguan,2019,8,4,31,29.652208633427776,83.10676425627537,244.0512832465607,23.194140204236287,74.13579036939,163.21111041144619,1.4481440772382548,1.531939540525875,60.36856487621771,64.28416220193816,1.0828354450326925,15.27297173526495,1.0648615274149578
东莞市,Dongguan,2019,9,5,69,28.15640502679432,71.22357052303998,90.93684495240863,23.194140204236287,74.13579036939,163.21111041144619,1.2111041638556164,1.2811835406904053,50.271139838989264,53.53180275383704,0.97797092551292,15.27297173526495,1.0648615274149578
东莞市,Dongguan,2019,10,4,79,25.49714917232545,65.16890279719082,18.994364635449223,23.194140204236287,74.13579036939,163.21111041144619,0.9648829394976407,1.020714962156408,61.87481710224008,65.88811224801252,0.7722792428067046,15.27297173526495,1.0648615274149578
东莞市,Dongguan,2019,11,4,23,21.397477945026477,57.04896597344265,0.0106213029501341,23.194140204236287,74.13579036939,163.21111041144619,0.6600889523982217,0.6982843643372982,30.977382602656284,32.98662295358211,0.44276238563564846,15.27297173526495,1.0648615274149578
东莞市,Dongguan,2019,12,5,3,17.92721136509558,57.44660255350582,8.998150473819667,23.194140204236287,74.13579036939,163.21111041144619,0.4725672534141655,0.4999119027186168,4.478102511601839,4.768559080425093,0.18527344906724952,15.27297173526495,1.0648615274149578
佛山市,Foshan,2005,1,5,0,14.11267248306124,67.80067699530105,30.22266211555775,23.277383353550665,73.42779093803469,155.46270182058444,0.30147966038001817,0.32726340813454485,0.13712010682389866,0.20311109643865125,0.0,13.712010682389867,1.4812641350951092
佛山市,Foshan,2005,2,4,0,14.923740275695575,77.89702534972113,80.35766703610824,23.277383353550665,73.42779093803469,155.46270182058444,0.3993215659881621,0.43347314529339,0.13712010682389866,0.20311109643865125,0.0,13.712010682389867,1.4812641350951092
佛山市,Foshan,2005,3,4,0,18.442059842991277,75.9973462120052,148.78583993942368,23.277383353550665,73.42779093803469,155.46270182058444,0.6239853768131002,0.6773511048293197,0.13861781560693012,0.20532959874377268,0.22111262126144246,13.712010682389867,1.4812641350951092
佛山市,Foshan,2005,4,4,0,23.5012936551322,79.57445443024588,167.1460286820643,23.277383353550665,73.42779093803469,155.46270182058444,0.957199630176588,1.0390631754124084,0.143469575560505,0.21251633675509385,0.6110762932279054,13.712010682389867,1.4812641350951092
佛山市,Foshan,2005,5,5,0,27.98188838267804,83.34658278053269,419.9464102635974,23.277383353550665,73.42779093803469,155.46270182058444,1.3678527167761343,1.4848369583340681,0.15145020265701337,0.22433775344871992,0.9650955785201174,13.712010682389867,1.4812641350951092
佛山市,Foshan,2005,6,4,0,28.13917393727605,85.43183401345243,462.3253404685441,23.277383353550665,73.42779093803469,155.46270182058444,1.4018418672165311,1.5217329970210591,0.1519829462922778,0.2251268874888373,0.9767048159877318,13.712010682389867,1.4812641350951092
佛山市,Foshan,2005,7,5,0,30.16816716536504,77.31691909596404,148.38923883731937,23.277383353550665,73.42779093803469,155.46270182058444,1.379005408854077,1.4969434732966431,0.15382976028555978,0.2278625068212777,1.1162514657191616,13.712010682389867,1.4812641350951092
佛山市,Foshan,2005,8,4,0,28.594772122260625,82.24269177501645,236.6874110766613,23.277383353550665,73.42779093803469,155.46270182058444,1.336426634664993,1.4507231918430077,0.15176919650236556,0.2248102675911562,1.0097784167809856,13.712010682389867,1.4812641350951092
佛山市,Foshan,2005,9,4,0,28.67846407113105,76.52034016612501,120.5958662131773,23.277383353550665,73.42779093803469,155.46270182058444,1.2594544890511783,1.367168080120867,0.15100723007113576,0.22368159404442908,1.015758299887265,13.712010682389867,1.4812641350951092
佛山市,Foshan,2005,10,5,0,25.39688597863696,62.523760348150674,5.990834267871119,23.277383353550665,73.42779093803469,155.46270182058444,0.9069644361780986,0.9845316664690764,0.14464432374137717,0.21425644910318803,0.7642432614141653,13.712010682389867,1.4812641350951092
佛山市,Foshan,2005,11,4,0,21.900449642238424,65.3290258879002,13.69511156576568,23.277383353550665,73.42779093803469,155.46270182058444,0.7213092970888785,0.7829985564760343,0.14089810200720423,0.20870730520624386,0.48250346722334075,13.712010682389867,1.4812641350951092
佛山市,Foshan,2005,12,4,0,15.12624582475295,42.377041957308776,8.802964763647472,23.277383353550665,73.42779093803469,155.46270182058444,0.20350799641024228,0.2209128151593966,0.13714210293099446,0.20314367848320397,0.009956917655468422,13.712010682389867,1.4812641350951092
佛山市,Foshan,2006,1,5,0,16.38467693986944,67.3662469413964,24.76634185043458,23.277383353550665,73.42779093803469,155.46270182058444,0.4228543418938694,0.45901853842558527,0.13750695235673288,0.20368411685226032,0.08427666868555733,13.712010682389867,1.4812641350951092
佛山市,Foshan,2006,2,4,0,16.8787061929919,67.5526114698266,57.36771186995365,23.277383353550665,73.42779093803469,155.46270182058444,0.46536567176680904,0.5051656074550959,0.13770363202987312,0.20397545139818518,0.11551166535546939,13.712010682389867,1.4812641350951092
佛山市,Foshan,2006,3,4,0,19.36481765957575,81.53816678150095,120.2652468991333,23.277383353550665,73.42779093803469,155.46270182058444,0.6876571975302218,0.7464683946118248,0.139267413892722,0.20629182538673543,0.2876621547975877,13.712010682389867,1.4812641350951092
佛山市,Foshan,2006,4,5,0,24.67831205679864,81.7507489171634,284.6425879099528,23.277383353550665,73.42779093803469,155.46270182058444,1.08786083967803,1.1808990547500842,0.14546154412055437,0.21546696834133205,0.70636328000288,13.712010682389867,1.4812641350951092
佛山市,Foshan,2006,5,4,0,25.960765531986773,79.12574752717632,409.30815209443927,23.277383353550665,73.42779093803469,155.46270182058444,1.20497632976529,1.3080307305088794,0.14770549971799568,0.21879085928856778,0.8092617892837151,13.712010682389867,1.4812641350951092
佛山市,Foshan,2006,6,4,0,28.765674618463024,82.9685033180013,240.0000672368194,23.277383353550665,73.42779093803469,155.46270182058444,1.352895497374478,1.4686005376367912,0.1521285605604957,0.2253425806819066,1.0219561652039157,13.712010682389867,1.4812641350951092
佛山市,Foshan,2006,7,5,0,29.722045502009383,81.87238637286006,382.6710003143443,23.277383353550665,73.42779093803469,155.46270182058444,1.4721471438932705,1.5980510624788402,0.1544981434061568,0.22885255876632102,1.087451896268067,13.712010682389867,1.4812641350951092
佛山市,Foshan,2006,8,4,9,29.694883944647973,80.2279562207166,123.5697908088502,23.277383353550665,73.42779093803469,155.46270182058444,1.3474244574161733,1.4626615924338606,0.1529996354017234,0.22663287260320086,1.0856597766679086,13.712010682389867,1.4812641350951092
佛山市,Foshan,2006,9,4,18,26.7118891006735,74.16506461095955,119.00943977715836,23.277383353550665,73.42779093803469,155.46270182058444,1.1176723036113088,1.2132601144513822,9.619308547676441,14.248736756086934,0.8683846776785138,13.712010682389867,1.4812641350951092
佛山市,Foshan,2006,10,5,3,26.27355083895072,66.02545310169398,37.65268575856448,23.277383353550665,73.42779093803469,155.46270182058444,1.0012904556440594,1.0869248248243846,18.901968585224445,27.998808147987415,0.8340175866282835,13.712010682389867,1.4812641350951092
佛山市,Foshan,2006,11,4,0,21.653778980046223,69.34000796845105,82.11420198853013,23.277383353550665,73.42779093803469,155.46270182058444,0.7614711691399592,0.8265952326429528,3.3516441453997348,4.964670266182124,0.4629610939567191,13.712010682389867,1.4812641350951092
佛山市,Foshan,2006,12,5,0,16.343192912732583,56.23378358534596,21.58426539084222,23.277383353550665,73.42779093803469,155.46270182058444,0.36671264770803513,0.3980753817478048,0.1663921899458375,0.2464707833267021,0.0817044667754906,13.712010682389867,1.4812641350951092
佛山市,Foshan,2007,1,4,0,14.100806473625024,53.83540413784175,17.419893457892062,23.277383353550665,73.42779093803469,155.46270182058444,0.23362224338061777,0.2536025531155419,0.13712010682389866,0.20311109643865125,0.0,13.712010682389867,1.4812641350951092
佛山市,Foshan,2007,2,4,0,19.997305571905173,78.16899877007303,60.91388484838861,23.277383353550665,73.42779093803469,155.46270182058444,0.6884657537350648,0.7473461017809642,0.13962225495632508,0.2068174387279097,0.3348044669616486,13.712010682389867,1.4812641350951092
佛山市,Foshan,2007,3,4,0,19.332214173202527,81.56129410679273,84.5167263664575,23.277383353550665,73.42779093803469,155.46270182058444,0.670793771911731,0.7281627413091303,0.13919729221918806,0.20618795666663678,0.28526389465559815,13.712010682389867,1.4812641350951092
佛山市,Foshan,2007,4,5,0,22.24518076894154,75.79109383430975,216.43356974176768,23.277383353550665,73.42779093803469,155.46270182058444,0.8812670248438872,0.9566365096187979,0.141998610925812,0.21033744959772985,0.5099642395895322,13.712010682389867,1.4812641350951092
佛山市,Foshan,2007,5,4,1,27.67581983682375,77.0464143395979,304.3740756279961,23.277383353550665,73.42779093803469,155.46270182058444,1.2764316618334406,1.3855972087002504,0.15017586516957174,0.22245012303256542,0.9422477371991773,13.712010682389867,1.4812641350951092
佛山市,Foshan,2007,6,4,0,28.853469732168,83.4313052960983,351.3196835417208,23.277383353550665,73.42779093803469,155.46270182058444,1.4057987454293817,1.5260282833029877,1.706121826982311,2.527217072411841,1.0281603148025615,13.712010682389867,1.4812641350951092
佛山市,Foshan,2007,7,5,0,30.610132094227986,76.15729235327584,74.17558547796153,23.277383353550665,73.42779093803469,155.46270182058444,1.3601141576365452,1.4764365666297643,0.6436184194303826,0.9533688813888269,1.1435152358371858,13.712010682389867,1.4812641350951092
佛山市,Foshan,2007,8,4,0,28.8504909199717,80.89339027706667,202.1028898347414,23.277383353550665,73.42779093803469,155.46270182058444,1.3324599742244951,1.4464172867181528,0.15198855913752748,0.2251352015952015,1.027950402014663,13.712010682389867,1.4812641350951092
佛山市,Foshan,2007,9,5,0,28.31089095480524,71.16927173570802,111.83371010407475,23.277383353550665,73.42779093803469,155.46270182058444,1.2023955468598346,1.305229228715259,0.15003235062997552,0.22223754009219687,0.9892702003606235,13.712010682389867,1.4812641350951092
佛山市,Foshan,2007,10,4,1,24.50226004478465,58.20442283518355,75.11843980572542,23.277383353550665,73.42779093803469,155.46270182058444,0.8641299390695167,0.9380337916478901,0.1436124973391039,0.2127280416598564,0.6921275729096847,13.712010682389867,1.4812641350951092
佛山市,Foshan,2007,11,4,0,20.03594838774735,48.97393503984572,2.4142656510424776,23.277383353550665,73.42779093803469,155.46270182058444,0.5059434492699836,0.549213758973759,0.3226011260134592,0.47785747790503497,0.3377209987166812,13.712010682389867,1.4812641350951092
佛山市,Foshan,2007,12,5,0,17.34284814579694,58.13237697547006,20.033688790485822,23.277383353550665,73.42779093803469,155.46270182058444,0.4302892592268939,0.4670893196601706,0.15755526535866762,0.23338096387118723,0.1458333390398543,13.712010682389867,1.4812641350951092
佛山市,Foshan,2008,1,4,0,13.008831642982727,73.3439173620164,89.55949791727903,23.277383353550665,73.42779093803469,155.46270182058444,0.28030244448704844,0.3042750319396191,0.13712010682389866,0.20311109643865125,0.0,13.712010682389867,1.4812641350951092
佛山市,Foshan,2008,2,4,0,12.635312514206312,59.047616504654805,21.26540523142337,23.277383353550665,73.42779093803469,155.46270182058444,0.18384381139323577,0.19956687029949474,0.13712010682389866,0.20311109643865125,0.0,13.712010682389867,1.4812641350951092
佛山市,Foshan,2008,3,5,0,20.272681569836983,72.06883394830626,83.39924277161604,23.277383353550665,73.42779093803469,155.46270182058444,0.6917460731973907,0.7509069672989154,0.1397908850563018,0.2070672244471027,0.35567365182536476,13.712010682389867,1.4812641350951092
佛山市,Foshan,2008,4,4,0,24.908431624730877,78.8366921601002,179.60006544975118,23.277383353550665,73.42779093803469,155.46270182058444,1.0500755812989848,1.1398822497729804,0.14538362144283068,0.21535154427350936,0.7249445827038526,13.712010682389867,1.4812641350951092
佛山市,Foshan,2008,5,4,0,26.1876925273092,78.24472881738107,198.1529391831595,23.277383353550665,73.42779093803469,155.46270182058444,1.1392786982899603,1.2367143745202789,0.14735070163081868,0.21826530960683213,0.8272399041927896,13.712010682389867,1.4812641350951092
佛山市,Foshan,2008,6,5,0,27.836161270584817,84.88265335699427,723.8969442011924,23.277383353550665,73.42779093803469,155.46270182058444,1.4511486815261496,1.575256727527067,0.1521521227727919,0.22537748254192444,0.95425816542878,13.712010682389867,1.4812641350951092
佛山市,Foshan,2008,7,4,0,29.314985245593924,79.20565957498394,208.95634792036975,23.277383353550665,73.42779093803469,155.46270182058444,1.3596831826280729,1.4759687329128373,0.1527677194163947,0.2262893437717782,1.0601588125525758,13.712010682389867,1.4812641350951092
佛山市,Foshan,2008,8,5,7,29.060572812417465,79.72463092430792,245.0684629518593,23.277383353550665,73.42779093803469,155.46270182058444,1.360742754692271,1.4771189238227533,0.15252129579338194,0.22592432529696924,1.042650576138129,13.712010682389867,1.4812641350951092
佛山市,Foshan,2008,9,4,4,28.81353168251175,70.9289733805667,100.43676944676272,23.277383353550665,73.42779093803469,155.46270182058444,1.2277675456428783,1.332771142429962,9.70294820532637,14.372629181235409,1.0253424820731756,13.712010682389867,1.4812641350951092
佛山市,Foshan,2008,10,4,23,26.395059420572,69.52286505787563,108.25688645502154,23.277383353550665,73.42779093803469,155.46270182058444,1.0677557777614575,1.1590745274327856,6.101564844644615,9.03802917232923,0.8435849487935104,13.712010682389867,1.4812641350951092
佛山市,Foshan,2008,11,5,1,19.70858726289878,49.4557296279225,24.62866285890622,23.277383353550665,73.42779093803469,155.46270182058444,0.5033349941983878,0.5463822183795437,4.277635498673951,6.3363080471954065,0.3131428359008644,13.712010682389867,1.4812641350951092
佛山市,Foshan,2008,12,4,1,15.83050585673645,46.1516839623862,8.844373695441842,23.277383353550665,73.42779093803469,155.46270182058444,0.26906213777886523,0.292073409192795,0.2538445286776032,0.37601079622025557,0.05058743044584324,13.712010682389867,1.4812641350951092
佛山市,Foshan,2009,1,4,0,13.4474695946156,51.7733239543972,8.952416532534137,23.277383353550665,73.42779093803469,155.46270182058444,0.185115270516052,0.20094706969772977,0.13712010682389866,0.20311109643865125,0.0,13.712010682389867,1.4812641350951092
佛山市,Foshan,2009,2,4,0,21.648008586152425,74.4271400656899,12.080934760965553,23.277383353550665,73.42779093803469,155.46270182058444,0.7470873762241742,0.8109812801607597,0.24964500076883694,0.36979018614466913,0.4625051021425658,13.712010682389867,1.4812641350951092
佛山市,Foshan,2009,3,5,0,19.0537096398477,78.12155652375498,210.266078172168,23.277383353550665,73.42779093803469,155.46270182058444,0.6898121801564174,0.7488076799812939,0.1391037924536848,0.20604945881735698,0.2649125647102983,13.712010682389867,1.4812641350951092
佛山市,Foshan,2009,4,4,0,23.34835720758065,73.3964968322229,106.12243857080072,23.277383353550665,73.42779093803469,155.46270182058444,0.8945581129185294,0.9710643047663743,0.1429339263904149,0.21172289885044596,0.5987059289461754,13.712010682389867,1.4812641350951092
佛山市,Foshan,2009,5,5,0,26.53645013073402,76.27109000239147,298.7742781181811,23.277383353550665,73.42779093803469,155.46270182058444,1.1932197463099818,1.295268676960217,0.14819050295920155,0.2195092771951709,0.8546795218798393,13.712010682389867,1.4812641350951092
佛山市,Foshan,2009,6,4,0,28.776793449813475,82.8119365983872,293.2429326070168,23.277383353550665,73.42779093803469,155.46270182058444,1.3752249825578025,1.492839729805753,0.15238803356837188,0.22572692874249886,1.0227438645714404,13.712010682389867,1.4812641350951092
佛山市,Foshan,2009,7,4,0,29.85022804574455,78.8170038406583,176.8317089511451,23.277383353550665,73.42779093803469,155.46270182058444,1.3792634297495079,1.4972235611722304,0.15352744500356647,0.22741469803656983,1.095850920674926,13.712010682389867,1.4812641350951092
佛山市,Foshan,2009,8,5,0,30.05502479872816,77.00809876066958,166.5916287560183,23.277383353550665,73.42779093803469,155.46270182058444,1.379114576326604,1.4970619772085538,0.1537234837497399,0.22770508320036556,1.1090640987890266,13.712010682389867,1.4812641350951092
佛山市,Foshan,2009,9,4,0,29.01314327208805,72.56674153309206,141.96807953903067,23.277383353550665,73.42779093803469,155.46270182058444,1.2723574293215376,1.3811745315096988,0.15147535067139212,0.224375004300488,1.0393504600611476,13.712010682389867,1.4812641350951092
佛山市,Foshan,2009,10,4,0,25.94186846738097,58.6413971400201,12.906215101901893,23.277383353550665,73.42779093803469,155.46270182058444,0.9180106599143169,0.996522607491017,0.14516962484927792,0.21503455879444713,0.8077607035575275,13.712010682389867,1.4812641350951092
佛山市,Foshan,2009,11,5,0,18.190391418344586,61.35035299921534,50.061373840778685,23.277383353550665,73.42779093803469,155.46270182058444,0.5074264950061378,0.5508236407197497,0.1382408733151792,0.2047712476460015,0.20347102201642325,13.712010682389867,1.4812641350951092
佛山市,Foshan,2009,12,4,0,15.650906217387451,71.26830799629245,81.46062257363506,23.277383353550665,73.42779093803469,155.46270182058444,0.41965077272440116,0.45554098719286396,0.13730226971376697,0.20338092779415845,0.039988254622449204,13.712010682389867,1.4812641350951092
佛山市,Foshan,2010,1,5,0,16.091388802326,78.426592665562,80.91700804939923,23.277383353550665,73.42779093803469,155.46270182058444,0.46836857453020264,0.5084253304871773,0.13745701250038703,0.2036101427341434,0.06626453409894689,13.712010682389867,1.4812641350951092
佛山市,Foshan,2010,2,4,0,18.77761257579701,81.9434069783681,89.1751410631324,23.277383353550665,73.42779093803469,155.46270182058444,0.6407369504573098,0.6955353401290096,0.13882405872860262,0.2056350992830162,0.24498423105113784,13.712010682389867,1.4812641350951092
佛山市,Foshan,2010,3,4,0,18.80109526647217,73.10217849826208,66.77886634528751,23.277383353550665,73.42779093803469,155.46270182058444,0.6018131592876229,0.6532826304780427,0.13873155461731565,0.20549807626061797,0.24666931558211083,13.712010682389867,1.4812641350951092
佛山市,Foshan,2010,4,4,0,21.23861572256368,82.55031912074492,208.9115728681614,23.277383353550665,73.42779093803469,155.46270182058444,0.840736958490826,0.9126401496988529,0.14104721535302267,0.20892818145746875,0.43030196846148555,13.712010682389867,1.4812641350951092
佛山市,Foshan,2010,5,5,0,26.40742333601862,81.85701091122095,386.3439063588865,23.277383353550665,73.42779093803469,155.46270182058444,1.2402639163150542,1.346336252760569,0.14849068106634958,0.21995392025943003,0.8445567902621904,13.712010682389867,1.4812641350951092
佛山市,Foshan,2010,6,4,0,28.38654852823425,84.01224169067197,311.3019373633701,23.277383353550665,73.42779093803469,155.46270182058444,1.3602399181148854,1.476573082647788,0.15180859631762392,0.2248686291244278,0.9947688784483251,13.712010682389867,1.4812641350951092
佛山市,Foshan,2010,7,4,0,29.93977407280055,80.15960890376928,166.20760872398438,23.277383353550665,73.42779093803469,155.46270182058444,1.386562491880827,1.5051468683242628,0.15370170757355203,0.22767282693157895,1.101659984059515,13.712010682389867,1.4812641350951092
佛山市,Foshan,2010,8,5,1,29.305514314135426,78.87479384074473,235.8468972917312,23.277383353550665,73.42779093803469,155.46270182058444,1.3695803810409024,1.4867123793647525,0.15287201823816524,0.22644383787579958,1.059513032439879,13.712010682389867,1.4812641350951092
佛山市,Foshan,2010,9,4,0,28.41679019496548,79.86891074448076,334.7817238114416,23.277383353550665,73.42779093803469,155.46270182058444,1.3526495766661113,1.4683335848047179,1.6009902493508388,2.3714894370003736,0.9969601987423237,13.712010682389867,1.4812641350951092
佛山市,Foshan,2010,10,5,1,23.44130026284864,61.98258552645658,59.14632226839584,23.277383353550665,73.42779093803469,155.46270182058444,0.8176243785783486,0.8875508894037968,0.2985361086985492,0.442210830846016,0.6062225231317162,13.712010682389867,1.4812641350951092
佛山市,Foshan,2010,11,4,1,20.562123080608927,56.07488647323525,0.193266444941405,23.277383353550665,73.42779093803469,155.46270182058444,0.5844319945442022,0.6344149589272993,0.37681122437666403,0.5581569523704284,0.3778144165422064,13.712010682389867,1.4812641350951092
佛山市,Foshan,2010,12,4,0,15.610260229802725,55.42589741977888,22.29537197662352,23.277383353550665,73.42779093803469,155.46270182058444,0.32354350723867226,0.35121424352562913,0.1542928192764077,0.22854841949685406,0.03761173999384906,13.712010682389867,1.4812641350951092
佛山市,Foshan,2011,1,5,0,11.24942099404453,59.24583738891448,20.363772979704525,23.277383353550665,73.42779093803469,155.46270182058444,0.11153814651919518,0.12107733543573206,0.13712010682389866,0.20311109643865125,0.0,13.712010682389867,1.4812641350951092
佛山市,Foshan,2011,2,4,0,15.966388280722024,73.0217771819392,48.78186436130488,23.277383353550665,73.42779093803469,155.46270182058444,0.43078146124515115,0.4676236167659273,0.13739465728759873,0.20351777819380387,0.05871184727555928,13.712010682389867,1.4812641350951092
佛山市,Foshan,2011,3,4,0,17.056935852602678,65.56663575856881,33.47199174802475,23.277383353550665,73.42779093803469,155.46270182058444,0.45668750203582303,0.4957452458991865,0.13774993208840267,0.20404403401433782,0.1270461531833001,13.712010682389867,1.4812641350951092
佛山市,Foshan,2011,4,4,0,23.96472024985677,70.10095650734345,105.20102043130868,23.277383353550665,73.42779093803469,155.46270182058444,0.9166945444836943,0.9950939325987171,0.14357430562152407,0.21267146963834774,0.6486019647180509,13.712010682389867,1.4812641350951092
佛山市,Foshan,2011,5,5,0,26.21384824150058,77.82195458971412,177.2743578278295,23.277383353550665,73.42779093803469,155.46270182058444,1.1299890049752055,1.2266301894350258,0.147292626089962,0.21817928439103487,0.8293061228787045,13.712010682389867,1.4812641350951092
佛山市,Foshan,2011,6,4,1,29.1446935836724,81.29664736180473,265.3102162985449,23.277383353550665,73.42779093803469,155.46270182058444,1.382603575206403,1.5008493692433644,0.15285615440616782,0.22642033935041664,1.0484761432256384,13.712010682389867,1.4812641350951092
佛山市,Foshan,2011,7,5,0,29.716825978165623,79.40679488929717,293.20072129598,23.277383353550665,73.42779093803469,155.46270182058444,1.4252860623548262,1.5471822336039138,1.819074050313817,2.694529149812053,1.087107844802532,13.712010682389867,1.4812641350951092
佛山市,Foshan,2011,8,4,0,29.664871459434977,75.71284665342293,121.32776312554184,23.277383353550665,73.42779093803469,155.46270182058444,1.3219339021920078,1.4349909828564618,0.6036390854703612,0.8941489278488572,1.083674588016853,13.712010682389867,1.4812641350951092
佛山市,Foshan,2011,9,4,0,28.18738405774408,71.39934137784287,83.04198624178716,23.277383353550665,73.42779093803469,155.46270182058444,1.1796775693539432,1.2805683188046855,0.14967280493524054,0.22170495794965808,0.9802443123892736,13.712010682389867,1.4812641350951092
佛山市,Foshan,2011,10,5,0,24.38757534040896,67.9670355575631,155.45003290132308,23.277383353550665,73.42779093803469,155.46270182058444,0.9545448544403871,1.0361813526248715,0.14419564029815263,0.21359183041072854,0.6828470186546124,13.712010682389867,1.4812641350951092
佛山市,Foshan,2011,11,4,0,21.193023665096725,65.20771992751173,83.97740082374749,23.277383353550665,73.42779093803469,155.46270182058444,0.7146227900233328,0.7757401925518218,0.14043046000614523,0.20801460388201104,0.42673477718835845,13.712010682389867,1.4812641350951092
佛山市,Foshan,2011,12,4,0,15.462571085213774,45.15560765195175,0.8436082073315385,23.277383353550665,73.42779093803469,155.46270182058444,0.23950812106608396,0.25999181462917337,0.1371956252186043,0.20322295912826863,0.029046450871288154,13.712010682389867,1.4812641350951092
佛山市,Foshan,2012,1,5,0,12.50676878351722,76.49907792092306,84.25737254824514,23.277383353550665,73.42779093803469,155.46270182058444,0.25946171005036317,0.28165191444247384,0.13712010682389866,0.20311109643865125,0.0,13.712010682389867,1.4812641350951092
佛山市,Foshan,2012,2,4,0,14.90217084188,80.00590656663482,100.71298592886706,23.277383353550665,73.42779093803469,155.46270182058444,0.4115294828664512,0.4467251321066169,0.13712010682389866,0.20311109643865125,0.0,13.712010682389867,1.4812641350951092
佛山市,Foshan,2012,3,4,0,18.894959417626172,77.33770326647323,72.21640332070804,23.277383353550665,73.42779093803469,155.46270182058444,0.6252028395008732,0.6786726898011716,0.13884002192787584,0.205658744997581,0.2534233555914951,13.712010682389867,1.4812641350951092
佛山市,Foshan,2012,4,5,0,24.89967591411416,84.15885621882046,500.2756571130159,23.277383353550665,73.42779093803469,155.46270182058444,1.1801105987944631,1.2810383826569152,0.14639787669764653,0.21685392420629984,0.7242382429248901,13.712010682389867,1.4812641350951092
佛山市,Foshan,2012,5,4,0,27.80903002914528,81.35520498431917,183.5762296548608,23.277383353550665,73.42779093803469,155.46270182058444,1.2549354867629903,1.3622625946617948,0.15009200885890975,0.2223259096870804,0.9522321236627346,13.712010682389867,1.4812641350951092
佛山市,Foshan,2012,6,4,0,28.855477678964427,82.36199556286135,259.95462576753414,23.277383353550665,73.42779093803469,155.46270182058444,1.36501410151714,1.48175557333161,0.15235702588613584,0.22568099817489018,1.0283017885317052,13.712010682389867,1.4812641350951092
佛山市,Foshan,2012,7,5,1,29.55679054185124,80.3692822197565,280.0382890232588,23.277383353550665,73.42779093803469,155.46270182058444,1.4132694716260565,1.5341379359186302,0.1536348394480783,0.22757377757553365,1.0764829053191185,13.712010682389867,1.4812641350951092
佛山市,Foshan,2012,8,4,1,29.457927617817976,78.67675150126553,125.33078599035277,23.277383353550665,73.42779093803469,155.46270182058444,1.324943847745423,1.4382583510061686,1.6758368473182308,2.482357018203354,1.0698472492218698,13.712010682389867,1.4812641350951092
佛山市,Foshan,2012,9,5,87,27.16824672933964,68.64566655973944,95.22969988743294,23.277383353550665,73.42779093803469,155.46270182058444,1.1053689064174252,1.1999044814636446,1.5467516100596195,2.29114768588193,0.9036818699462392,13.712010682389867,1.4812641350951092
佛山市,Foshan,2012,10,4,153,24.50259036133357,64.41651007787023,98.72696890305396,23.277383353550665,73.42779093803469,155.46270182058444,0.9158341682145835,0.9941599735059136,60.20930611591607,89.18588574846909,0.6921542957492512,13.712010682389867,1.4812641350951092
佛山市,Foshan,2012,11,4,47,20.25900037420108,76.9303254837937,163.15073060769382,23.277383353550665,73.42779093803469,155.46270182058444,0.7426702501244687,0.8061863837497464,51.34175036594915,76.05069345008668,0.3546322192997886,13.712010682389867,1.4812641350951092
佛山市,Foshan,2012,12,5,0,15.00611684164082,70.77716567729131,64.81420860303015,23.277383353550665,73.42779093803469,155.46270182058444,0.37522087770217355,0.4073112696400908,0.2612763287235174,0.3870192550874665,0.0032811519875029518,13.712010682389867,1.4812641350951092
佛山市,Foshan,2013,1,4,0,15.7266630496095,68.3702576919701,6.952566853325188,23.277383353550665,73.42779093803469,155.46270182058444,0.3821667907340225,0.4148512249675703,0.3970653458677117,0.5881586561229764,0.04443962424780102,13.712010682389867,1.4812641350951092
佛山市,Foshan,2013,2,4,0,18.00603337762315,78.58310866262782,36.79495748330068,23.277383353550665,73.42779093803469,155.46270182058444,0.5610779775330371,0.6090636128661021,0.13828156744760553,0.20483152640487343,0.19069611107472367,13.712010682389867,1.4812641350951092
佛山市,Foshan,2013,3,5,0,20.89239892112228,77.93127192446897,304.25187772054187,23.277383353550665,73.42779093803469,155.46270182058444,0.8334809088571659,0.9047635336455119,0.14076917829915445,0.20851633514134624,0.40331770010145956,13.712010682389867,1.4812641350951092
佛山市,Foshan,2013,4,4,0,21.95099236192757,80.17638014526813,192.5106937325026,23.277383353550665,73.42779093803469,155.46270182058444,0.8711499957184953,0.9456542316515255,0.14172089628000722,0.2099260808531086,0.4865192056586662,13.712010682389867,1.4812641350951092
佛山市,Foshan,2013,5,4,1,27.3202009242876,86.15206119992652,332.0818156950859,23.277383353550665,73.42779093803469,155.46270182058444,1.3023882691391053,1.4137737289993455,0.15006051352391936,0.22227925677693636,0.9153096025613501,13.712010682389867,1.4812641350951092
佛山市,Foshan,2013,6,5,0,28.9642746840433,81.5435341853999,266.0239092067437,23.277383353550665,73.42779093803469,155.46270182058444,1.371452720748782,1.4887448490617596,1.6793685093946578,2.4875883425744405,1.0359386993296524,13.712010682389867,1.4812641350951092
佛山市,Foshan,2013,7,4,3,28.427067724348525,84.65479149525792,236.0621751286548,23.277383353550665,73.42779093803469,155.46270182058444,1.3349114316890605,1.4490784026413275,0.570845521645753,0.8455729978935127,0.9977040442423623,13.712010682389867,1.4812641350951092
佛山市,Foshan,2013,8,4,11,28.987127190372348,83.26317386288693,328.5287285845827,23.277383353550665,73.42779093803469,155.46270182058444,1.405889346664215,1.5261266331182137,4.887352210829649,7.2394595454797495,1.0375355930326648,13.712010682389867,1.4812641350951092
佛山市,Foshan,2013,9,5,224,27.862832134561263,73.19983222819246,224.41509752055575,23.277383353550665,73.42779093803469,155.46270182058444,1.2373499308193883,1.3431730515569977,15.421546871554794,22.843384288522298,0.956247304837387,13.712010682389867,1.4812641350951092
佛山市,Foshan,2013,10,4,198,24.899890965089725,56.411505778054,4.178213531870141,23.277383353550665,73.42779093803469,155.46270182058444,0.834978774898238,0.9063895031882412,149.3499476719454,221.22672106478402,0.7242555921681232,13.712010682389867,1.4812641350951092
佛山市,Foshan,2013,11,4,38,20.2944406733166,60.2432417720372,63.95145794507798,23.277383353550665,73.42779093803469,155.46270182058444,0.626459529989677,0.6800368574926762,64.58024833650762,95.66040569640433,0.357330956991336,13.712010682389867,1.4812641350951092
佛山市,Foshan,2013,12,5,2,13.839326471388238,49.310959880226974,130.61735915519282,23.277383353550665,73.42779093803469,155.46270182058444,0.2311118465536836,0.25087745709972104,0.13712010682389866,0.20311109643865125,0.0,13.712010682389867,1.4812641350951092
佛山市,Foshan,2014,1,4,0,14.84995389720925,56.506648750607226,4.624782118911129,23.277383353550665,73.42779093803469,155.46270182058444,0.2815612662820765,0.3056415132151905,0.13712010682389866,0.20311109643865125,0.0,13.712010682389867,1.4812641350951092
佛山市,Foshan,2014,2,4,0,14.207917643530614,74.03511403532406,57.26437403445321,23.277383353550665,73.42779093803469,155.46270182058444,0.3383292039888833,0.36726447226749037,0.13712010682389866,0.20311109643865125,0.0,13.712010682389867,1.4812641350951092
佛山市,Foshan,2014,3,5,0,18.81007415334352,79.98859649262849,261.61235570390187,23.277383353550665,73.42779093803469,155.46270182058444,0.6975126635045245,0.7571667394999634,0.13899268707586443,0.2058848824059755,0.24731411910703108,13.712010682389867,1.4812641350951092
佛山市,Foshan,2014,4,4,1,24.248833277111025,81.33035039824487,91.84449372426266,23.277383353550665,73.42779093803469,155.46270182058444,0.9770536976556813,1.060615242242891,0.1442433499875997,0.21366250106260298,0.6716142555746667,13.712010682389867,1.4812641350951092
佛山市,Foshan,2014,5,4,0,26.59799456462937,86.1929453861407,416.5379811602959,23.277383353550665,73.42779093803469,155.46270182058444,1.2811308964178325,1.3906983406431923,1.332418735637521,1.9736640860286316,0.8594952578003375,13.712010682389867,1.4812641350951092
佛山市,Foshan,2014,6,5,2,29.721420116001376,80.80791279660866,247.3973906229615,23.277383353550665,73.42779093803469,155.46270182058444,1.412915234204858,1.533753402694717,0.6374660567003325,0.9442556071307079,1.0874106815288445,13.712010682389867,1.4812641350951092
佛山市,Foshan,2014,7,4,7,30.1498678096488,79.32662890934745,185.2017069821046,23.277383353550665,73.42779093803469,155.46270182058444,1.406619727467982,1.5269194790129434,3.5424392776441476,5.247288252726502,1.1150945474287786,13.712010682389867,1.4812641350951092
佛山市,Foshan,2014,8,5,207,29.34661490877652,79.74855115821192,216.02343493058,23.277383353550665,73.42779093803469,155.46270182058444,1.3677205850754799,1.484693526201286,12.123899653768813,17.958697734619754,1.0623120578694452,13.712010682389867,1.4812641350951092
佛山市,Foshan,2014,9,4,2135,28.742323507915625,75.26071180218355,96.8292258399303,23.277383353550665,73.42779093803469,155.46270182058444,1.2442722595323414,1.350687405540192,288.2991714388881,427.0472228300612,1.0203000406569516,13.712010682389867,1.4812641350951092
佛山市,Foshan,2014,10,4,1130,25.506050483850725,58.79929026153458,2.354691678293465,23.277383353550665,73.42779093803469,155.46270182058444,0.8864945336643334,0.9623110959258017,1634.4694206566426,2421.080932728366,0.7729920841660775,13.712010682389867,1.4812641350951092
佛山市,Foshan,2014,11,5,66,20.37419819023294,68.84787830677148,62.27457204306632,23.277383353550665,73.42779093803469,155.46270182058444,0.67413379688011,0.7317884185870879,470.9901297934441,697.6607872468193,0.3634158692543968,13.712010682389867,1.4812641350951092
佛山市,Foshan,2014,12,4,1,14.20746577803155,49.73258840646987,29.13481815117678,23.277383353550665,73.42779093803469,155.46270182058444,0.21962994649991352,0.2384135789769962,0.13712010682389866,0.20311109643865125,0.0,13.712010682389867,1.4812641350951092
佛山市,Foshan,2015,1,4,0,15.550060243345026,64.29711976779473,56.23114446680418,23.277383353550665,73.42779093803469,155.46270182058444,0.37710939854109987,0.40936130434326473,0.42753270776834706,0.6332888665973507,0.03410714234110321,13.712010682389867,1.4812641350951092
佛山市,Foshan,2015,2,4,0,17.84005097571515,71.25775370178343,40.44499642792955,23.277383353550665,73.42779093803469,155.46270182058444,0.5273397600283727,0.5724399679043047,0.16791250248067563,0.24872276775869337,0.17930494831046082,13.712010682389867,1.4812641350951092
佛山市,Foshan,2015,3,5,0,20.64747287772076,81.85897185215781,74.34599416593,23.277383353550665,73.42779093803469,155.46270182058444,0.746660684986585,0.810518096579955,0.14023558737939473,0.20772594604909375,0.38438136898387526,13.712010682389867,1.4812641350951092
佛山市,Foshan,2015,4,4,0,23.4185139106472,73.10725598252728,108.21398903613276,23.277383353550665,73.42779093803469,155.46270182058444,0.898577499485938,0.9754274453676416,0.14301538906795552,0.2118435665930357,0.6043793694809251,13.712010682389867,1.4812641350951092
佛山市,Foshan,2015,5,5,1,27.54701481058198,87.17420193273776,663.5876762309153,23.277383353550665,73.42779093803469,155.46270182058444,1.4242601587919335,1.546068590660352,0.15153776974258987,0.2244674634319992,0.9325370818466191,13.712010682389867,1.4812641350951092
佛山市,Foshan,2015,6,4,3,30.39155370465425,80.82531917266347,127.75212987291724,23.277383353550665,73.42779093803469,155.46270182058444,1.4002775354966746,1.5200348773885508,1.855059489928342,2.7478330908986797,1.1301973452450618,13.712010682389867,1.4812641350951092
佛山市,Foshan,2015,7,4,1,29.1306822874007,80.00918854767828,274.2381878995974,23.277383353550665,73.42779093803469,155.46270182058444,1.3793264832369934,1.4972920072464473,5.312925227050255,7.869845591271583,1.0475082925823909,13.712010682389867,1.4812641350951092
佛山市,Foshan,2015,8,5,8,29.450276665995,79.47882258970739,286.48871456955004,23.277383353550665,73.42779093803469,155.46270182058444,1.4041681293535957,1.524258210411012,3.2340009376773606,4.790409601845428,1.0693314743287825,13.712010682389867,1.4812641350951092
佛山市,Foshan,2015,9,4,10,28.65435098730257,75.56964041524758,93.18865337880672,23.277383353550665,73.42779093803469,155.46270182058444,1.237936379322968,1.343809655484888,11.447321268621861,16.95650643812101,1.0140385829264962,13.712010682389867,1.4812641350951092
佛山市,Foshan,2015,10,4,11,25.06426388514948,68.23562151590288,126.71802082129884,23.277383353550665,73.42779093803469,155.46270182058444,0.9855890137120954,1.0698805327059577,9.921255603246493,14.696000100200424,0.7375058813339754,13.712010682389867,1.4812641350951092
佛山市,Foshan,2015,11,5,13,21.64916576647868,72.85502471677981,57.439103566918725,23.277383353550665,73.42779093803469,155.46270182058444,0.7650195013551894,0.8304470324376257,5.515387054583888,8.169745035122965,0.4625965411813948,13.712010682389867,1.4812641350951092
佛山市,Foshan,2015,12,4,0,15.812609176517526,71.91780299896575,137.83963482133305,23.277383353550665,73.42779093803469,155.46270182058444,0.45105938814145863,0.4896357931682216,0.5323751504580118,0.7885882167893155,0.04952410755384339,13.712010682389867,1.4812641350951092
佛山市,Foshan,2016,1,5,0,13.659732509842978,74.98237763811052,287.40526472592296,23.277383353550665,73.42779093803469,155.46270182058444,0.37734057213179933,0.4096122488251168,0.13712010682389866,0.20311109643865125,0.0,13.712010682389867,1.4812641350951092
佛山市,Foshan,2016,2,4,0,15.466024105711575,66.68706111599117,27.73780134897211,23.277383353550665,73.42779093803469,155.46270182058444,0.3706023550650956,0.40229775245338756,0.13723776061750328,0.20328537278347564,0.029245451381999136,13.712010682389867,1.4812641350951092
佛山市,Foshan,2016,3,4,0,18.016675223651976,79.15595909700302,197.5340634342793,23.277383353550665,73.42779093803469,155.46270182058444,0.6260194483812848,0.679559138342939,0.13842098719424523,0.20503804387529484,0.1914300458851407,13.712010682389867,1.4812641350951092
佛山市,Foshan,2016,4,4,1,24.84639031173305,85.46730588196999,334.7586168164799,23.277383353550665,73.42779093803469,155.46270182058444,1.13090461283467,1.2276241037449511,0.14595824421518871,0.21620271237741223,0.7199384049505626,13.712010682389867,1.4812641350951092
佛山市,Foshan,2016,5,5,3,27.64024394599958,80.71965248754682,245.3889573320091,23.277383353550665,73.42779093803469,155.46270182058444,1.2678210279955495,1.3762501589774438,1.4302049901433571,2.118511357733409,0.9395711055032485,13.712010682389867,1.4812641350951092
佛山市,Foshan,2016,6,4,0,29.3115156289318,84.39351879049269,312.56370237905986,23.277383353550665,73.42779093803469,155.46270182058444,1.4275871405745701,1.5496801092470942,5.557503724136977,8.232130947221608,1.0599222899575667,13.712010682389867,1.4812641350951092
佛山市,Foshan,2016,7,5,9,29.99958233938572,80.57723331971742,349.6836827407168,23.277383353550665,73.42779093803469,155.46270182058444,1.4734471075063424,1.5994622041854767,1.7285231325273192,2.5603993228949684,1.1055125775950283,13.712010682389867,1.4812641350951092
佛山市,Foshan,2016,8,4,7,29.109359016272023,82.64764069762487,280.1171423226022,23.277383353550665,73.42779093803469,155.46270182058444,1.392456263462369,1.5115446988515715,14.367257058282494,21.28170260012592,1.0460334577873474,13.712010682389867,1.4812641350951092
佛山市,Foshan,2016,9,4,14,28.142392087900376,75.09508740714816,142.2876777491803,23.277383353550665,73.42779093803469,155.46270182058444,1.2279146908056648,1.3329308720362754,12.768414596787721,18.91339460424653,0.9769413670000542,13.712010682389867,1.4812641350951092
佛山市,Foshan,2016,10,5,25,25.83687256368638,73.61342034499602,153.8046881277325,23.277383353550665,73.42779093803469,155.46270182058444,1.0750655600505024,1.1670094715733585,15.15711506139034,22.451690931947414,0.7994099139741001,13.712010682389867,1.4812641350951092
佛山市,Foshan,2016,11,4,1,20.062485948086348,76.49512554829637,66.32248063798829,23.277383353550665,73.42779093803469,155.46270182058444,0.6888434885722898,0.7477561420140121,7.554864804772163,11.19075028080132,0.3397262000219061,13.712010682389867,1.4812641350951092
佛山市,Foshan,2016,12,4,0,17.9778346962868,60.51602003686235,4.216672315109852,23.277383353550665,73.42779093803469,155.46270182058444,0.46991177611620594,0.510100512852175,0.9555274443587316,1.4153885334276768,0.18875341967842926,13.712010682389867,1.4812641350951092
佛山市,Foshan,2017,1,5,0,16.983143298951397,71.67974206303191,50.123447203211946,23.277383353550665,73.42779093803469,155.46270182058444,0.4843158256804973,0.5257364544125672,0.15640209126501317,0.23167280844473606,0.12225380403228377,13.712010682389867,1.4812641350951092
佛山市,Foshan,2017,2,4,0,16.4744612138214,65.42284602788342,25.90155774322989,23.277383353550665,73.42779093803469,155.46270182058444,0.42031923669414784,0.4562666208779978,0.13753015802706278,0.20371849057945085,0.08987096237175,13.712010682389867,1.4812641350951092
佛山市,Foshan,2017,3,4,1,19.05999244563777,80.46342978716532,115.95657921663808,23.277383353550665,73.42779093803469,155.46270182058444,0.6639816249382687,0.7207679922489829,0.1390328013313869,0.20594430221398696,0.2653689575642971,13.712010682389867,1.4812641350951092
佛山市,Foshan,2017,4,5,2,23.90032047087758,77.54516827102684,187.5438947434864,23.277383353550665,73.42779093803469,155.46270182058444,0.9828438185726908,1.0669005574857935,0.8235482575984157,1.2198924975006014,0.6433853145527645,13.712010682389867,1.4812641350951092
佛山市,Foshan,2017,5,4,0,26.8525366021794,79.46715675686225,197.6588183131909,23.277383353550665,73.42779093803469,155.46270182058444,1.188697856838889,1.290360057394797,2.746790171677364,4.068721767937418,0.8793198085523107,13.712010682389867,1.4812641350951092
佛山市,Foshan,2017,6,4,1,29.0943820065294,84.51787325165797,291.5628289386891,23.277383353550665,73.42779093803469,155.46270182058444,1.4043187987676766,1.5244217656767027,1.0929290791162733,1.6189166470974607,1.0449962009781937,13.712010682389867,1.4812641350951092
佛山市,Foshan,2017,7,5,9,29.0575328767452,83.0496066385639,336.0369414681345,23.277383353550665,73.42779093803469,155.46270182058444,1.4127936759024222,1.5336214482395074,1.73582751733396,2.571219046137979,1.0424393922928425,13.712010682389867,1.4812641350951092
佛山市,Foshan,2017,8,4,36,30.00949296807555,78.47621290044702,172.57327416205834,23.277383353550665,73.42779093803469,155.46270182058444,1.3864220875842497,1.5049944560900288,15.619275307864543,23.13627232971637,1.1061488395144319,13.712010682389867,1.4812641350951092
佛山市,Foshan,2017,9,4,48,29.432186946361124,79.97230055511378,188.7251416547097,23.277383353550665,73.42779093803469,155.46270182058444,1.3618619776415242,1.4783338672002708,61.245358588308825,90.72055311790109,1.0681107192369135,13.712010682389867,1.4812641350951092
佛山市,Foshan,2017,10,5,94,25.0494954390553,63.6819381435944,78.66321609667737,23.277383353550665,73.42779093803469,155.46270182058444,0.9348902062346192,1.0148457602024932,44.07527066813457,65.2871176853172,0.7363162835469625,13.712010682389867,1.4812641350951092
佛山市,Foshan,2017,11,4,23,20.125260550456726,74.66589608401583,48.85071145512427,23.277383353550665,73.42779093803469,155.46270182058444,0.6773376897430967,0.7352663211968935,27.592917175450673,40.87239859464493,0.34447689698120215,13.712010682389867,1.4812641350951092
佛山市,Foshan,2017,12,5,0,16.26723098802218,55.7100121340953,22.61809357177981,23.277383353550665,73.42779093803469,155.46270182058444,0.36018772533578497,0.39099242188688327,1.6788740510403146,2.486855919147854,0.07701525665806531,13.712010682389867,1.4812641350951092
佛山市,Foshan,2018,1,4,0,13.75368911966757,65.09062033950238,72.66536696495123,23.277383353550665,73.42779093803469,155.46270182058444,0.28751033169537166,0.3120993665241541,0.13712010682389866,0.20311109643865125,0.0,13.712010682389867,1.4812641350951092
佛山市,Foshan,2018,2,4,0,16.889881527264926,67.23894565204662,15.843582881140094,23.277383353550665,73.42779093803469,155.46270182058444,0.4463257468782617,0.4844973119495304,0.13768324209585314,0.20394524852020443,0.11623083514922486,13.712010682389867,1.4812641350951092
佛山市,Foshan,2018,3,4,1,20.624848449598723,70.77769717645043,55.353768104689934,23.277383353550665,73.42779093803469,155.46270182058444,0.6941295880327936,0.7534943298672225,0.1400032697481101,0.20738182227392157,0.3826389675313798,13.712010682389867,1.4812641350951092
佛山市,Foshan,2018,4,5,2,23.75504356546464,75.64127540446776,126.28696926161145,23.277383353550665,73.42779093803469,155.46270182058444,0.9391827139643771,1.0195053803815584,0.7810586462636242,1.156954160116244,0.6316185788040924,13.712010682389867,1.4812641350951092
佛山市,Foshan,2018,5,4,0,28.994561804672976,77.6989050992656,134.52840670388434,23.277383353550665,73.42779093803469,155.46270182058444,1.293844955765138,1.404499757256105,3.4903990891155434,5.170202987875492,1.0380545643193102,13.712010682389867,1.4812641350951092
佛山市,Foshan,2018,6,4,1,28.619197367922176,82.42065204719242,500.9943704890941,23.277383353550665,73.42779093803469,155.46270182058444,1.4352653940167155,1.55801503766923,1.0827045158022943,1.6037713681634544,1.0115268318087796,13.712010682389867,1.4812641350951092
佛山市,Foshan,2018,7,5,10,29.386263087314266,82.64346977908095,249.4073864181616,23.277383353550665,73.42779093803469,155.46270182058444,1.3988022437862575,1.5184334128236274,1.7542572377055416,2.5985183299442345,1.065003652596441,13.712010682389867,1.4812641350951092
佛山市,Foshan,2018,8,4,17,28.530306235798324,85.39498108458493,348.9646258984795,23.277383353550665,73.42779093803469,155.46270182058444,1.3905017291796509,1.5094230049705586,15.764264406322507,23.351039481241923,1.005151286738915,13.712010682389867,1.4812641350951092
佛山市,Foshan,2018,9,5,121,27.79206085441436,70.5607853290977,223.10110046653165,23.277383353550665,73.42779093803469,155.46270182058444,1.21749537272908,1.321620452156265,25.27337986574308,37.43655116776007,0.9509636339960006,13.712010682389867,1.4812641350951092
佛山市,Foshan,2018,10,4,86,23.4882186776868,68.1438611678523,68.46989511854015,23.277383353550665,73.42779093803469,155.46270182058444,0.8595392771879657,0.9330505179800879,71.91045725515232,106.51838127034704,0.6100183435111053,13.712010682389867,1.4812641350951092
佛山市,Foshan,2018,11,4,30,21.5468043225836,74.1714911050893,35.33620071514642,23.277383353550665,73.42779093803469,155.46270182058444,0.7529560814139477,0.8173519005181039,45.57158599132607,67.503555908354,0.4545167505525709,13.712010682389867,1.4812641350951092
佛山市,Foshan,2018,12,5,0,15.942843853721438,76.12367067419837,30.43408817801742,23.277383353550665,73.42779093803469,155.46270182058444,0.431782259450758,0.4687100072415202,1.6356850456044107,2.4228815943652218,0.057297693823864536,13.712010682389867,1.4812641350951092
佛山市,Foshan,2019,1,4,2,16.73842460558105,68.58938081669832,3.151791569418948,23.277383353550665,73.42779093803469,155.46270182058444,0.43717338453316656,0.4745622029283692,0.592119972864608,0.8770860794778332,0.10653090439826035,13.712010682389867,1.4812641350951092
佛山市,Foshan,2019,2,4,4,19.01266729351857,84.77245623332142,127.8311331573118,23.277383353550665,73.42779093803469,155.46270182058444,0.6793394690017912,0.7374393006334088,0.5234414382931929,0.7753550293663064,0.26193432539971173,13.712010682389867,1.4812641350951092
佛山市,Foshan,2019,3,5,3,20.587136337880786,80.67180656194876,241.5099855009202,23.277383353550665,73.42779093803469,155.46270182058444,0.8043866211129267,0.8731809859126901,1.6623850044690323,2.4624312858399002,0.37973722621599076,13.712010682389867,1.4812641350951092
佛山市,Foshan,2019,4,4,5,24.678309816065173,84.22319486725053,333.7176343592449,23.277383353550665,73.42779093803469,155.46270182058444,1.1145169926929392,1.2098349487086315,3.726367713711255,5.519734848496842,0.7063630989142641,13.712010682389867,1.4812641350951092
佛山市,Foshan,2019,5,4,12,26.35913520057305,85.36565295267583,287.713574478677,23.277383353550665,73.42779093803469,155.46270182058444,1.216503207446866,1.3205434329262415,6.6876501696473865,9.906176344361397,0.8407594214615735,13.712010682389867,1.4812641350951092
佛山市,Foshan,2019,6,5,26,29.3518049451866,83.28147132046172,341.0152351183256,23.277383353550665,73.42779093803469,155.46270182058444,1.4366192620793077,1.5594846939497564,22.50944972975897,33.34244058541826,1.0626648713695461,13.712010682389867,1.4812641350951092
佛山市,Foshan,2019,7,4,39,29.532567388254822,83.42863278382357,272.7674453151217,23.277383353550665,73.42779093803469,155.46270182058444,1.4226354454947623,1.5443049253762544,49.2705976907363,72.9827692739876,1.0748620663991357,13.712010682389867,1.4812641350951092
佛山市,Foshan,2019,8,4,63,29.9380676135324,80.57483099667378,225.0040950126585,23.277383353550665,73.42779093803469,155.46270182058444,1.4168835926642285,1.5380611510598177,79.42806026835848,117.65393699569223,1.1015497381134725,13.712010682389867,1.4812641350951092
佛山市,Foshan,2019,9,5,122,28.330519244126,66.77178056633886,105.77405663906023,23.277383353550665,73.42779093803469,155.46270182058444,1.1744965384342823,1.274944185374651,94.48963925757056,139.96411377031413,0.9906990022744255,13.712010682389867,1.4812641350951092
佛山市,Foshan,2019,10,4,170,25.45868671868,64.9609675258441,20.86017627225347,23.277383353550665,73.42779093803469,155.46270182058444,0.9348752176524748,1.014829489736786,110.12433043398583,163.12322107322603,0.7691979444447373,13.712010682389867,1.4812641350951092
佛山市,Foshan,2019,11,4,33,21.55101784108415,55.88200316709128,0.1806565304394504,23.277383353550665,73.42779093803469,155.46270182058444,0.6380750182097896,0.6926457487766491,65.22628863359164,96.61736201830107,0.45484898879727137,13.712010682389867,1.4812641350951092
佛山市,Foshan,2019,12,5,3,17.85618615561306,57.09415238044826,4.076701109221166,23.277383353550665,73.42779093803469,155.46270182058444,0.44474037849423265,0.4827763565130936,7.453229012102925,11.040200826278415,0.18040762231133184,13.712010682389867,1.4812641350951092
广州市,Guangzhou,2005,1,5,0,13.945187218040022,67.18146845376148,32.74715774467226,23.137560869088905,73.5033665140795,166.73662087486332,0.3055689157266734,0.3247862894364795,0.26799938099991716,0.35783593871406427,0.0,0.6699984524997928,1.3352118104861401
广州市,Guangzhou,2005,2,4,0,14.816800803008675,77.8822832415081,85.83873790900884,23.137560869088905,73.5033665140795,166.73662087486332,0.4103914720728885,0.4362011859549008,0.26799938099991716,0.35783593871406427,0.0,0.6699984524997928,1.3352118104861401
广州市,Guangzhou,2005,3,4,0,18.3365050081678,75.75424406221387,160.32241073852185,23.137560869088905,73.5033665140795,166.73662087486332,0.6391212519630267,0.6793158899406635,0.41315925301912526,0.5516551142427675,0.2136853769634145,0.6699984524997928,1.3352118104861401
广州市,Guangzhou,2005,4,4,0,23.34535162754752,79.76205316853711,167.41391393918906,23.137560869088905,73.5033665140795,166.73662087486332,0.9719904690560934,1.0331194096153775,0.8862830438613623,1.1833755875972967,0.5984629241373245,0.6699984524997928,1.3352118104861401
广州市,Guangzhou,2005,5,5,1,27.773590664161823,84.12057691272096,441.7395191749422,23.137560869088905,73.5033665140795,166.73662087486332,1.3923866006635333,1.4799544528773112,1.6733372007019707,2.2342595933030878,0.9495818043385126,0.6699984524997928,1.3352118104861401
广州市,Guangzhou,2005,6,4,1,27.9754070238059,85.98259900271805,526.6547803484826,23.137560869088905,73.5033665140795,166.73662087486332,1.441360174002994,1.5320079974191139,1.7457975941953738,2.331009566487953,0.9646152080700745,0.6699984524997928,1.3352118104861401
广州市,Guangzhou,2005,7,5,2,30.0381517844404,78.0265246655502,157.04935889530503,23.137560869088905,73.5033665140795,166.73662087486332,1.410507020585903,1.499214474583451,2.4274392354809726,3.2411455364516413,1.1079852873162612,0.6699984524997928,1.3352118104861401
广州市,Guangzhou,2005,8,4,0,28.455302791219676,82.4035829631548,264.0123531318621,23.137560869088905,73.5033665140795,166.73662087486332,1.3690386181415117,1.4551381046858671,3.613964598419988,4.825408214489168,0.9997453033152935,0.6699984524997928,1.3352118104861401
广州市,Guangzhou,2005,9,4,4,28.57044925811735,76.91586338515953,127.988681351326,23.137560869088905,73.5033665140795,166.73662087486332,1.2885954903671466,1.3696358705388878,1.6486399082564942,2.2012834767428577,1.0080347316789824,0.6699984524997928,1.3352118104861401
广州市,Guangzhou,2005,10,5,0,25.19788274181828,62.104890222359096,6.84787435240805,23.137560869088905,73.5033665140795,166.73662087486332,0.9196461046845179,0.9774830833983419,3.193645117458134,4.264192679331496,0.7482599407978613,0.6699984524997928,1.3352118104861401
广州市,Guangzhou,2005,11,4,1,21.716573512207702,64.8495987726033,14.128064216655437,23.137560869088905,73.5033665140795,166.73662087486332,0.7310607649310891,0.7770375223864323,0.7043154122217017,0.9404102567058304,0.4679268146126905,0.6699984524997928,1.3352118104861401
广州市,Guangzhou,2005,12,4,0,14.93834067345355,42.0107506376649,9.53631633873559,23.137560869088905,73.5033665140795,166.73662087486332,0.20552625077961842,0.2184518939492273,0.26799938099991716,0.35783593871406427,0.0,0.6699984524997928,1.3352118104861401
广州市,Guangzhou,2006,1,5,0,16.271180015820697,66.79558862463712,24.679546332146444,23.137560869088905,73.5033665140795,166.73662087486332,0.43105909787102664,0.45816860851971175,0.30339674053854415,0.40509891123006325,0.07725836925622573,0.6699984524997928,1.3352118104861401
广州市,Guangzhou,2006,2,4,1,16.695231267371277,66.89431947078833,58.43515037803313,23.137560869088905,73.5033665140795,166.73662087486332,0.4696430260584284,0.4991790982093079,0.3198058260183508,0.4270085159619777,0.1037832818006153,0.6699984524997928,1.3352118104861401
广州市,Guangzhou,2006,3,4,0,19.22430835702315,81.4312727314433,138.6781995742758,23.137560869088905,73.5033665140795,166.73662087486332,0.705507319678635,0.749877008869781,0.4759776923158543,0.6355310363080667,0.27734989719101166,0.6699984524997928,1.3352118104861401
广州市,Guangzhou,2006,4,5,1,24.4778997507116,82.12307942682492,306.3814157610423,23.137560869088905,73.5033665140795,166.73662087486332,1.108459296035283,1.1781708257023669,1.0811218556164897,1.4435266701938285,0.6901566877042887,0.6699984524997928,1.3352118104861401
广州市,Guangzhou,2006,5,4,0,25.72663070137775,79.9651419966763,472.4927920047552,23.137560869088905,73.5033665140795,166.73662087486332,1.2377306069332934,1.3155720705158602,1.3081217783240326,1.7466196479723808,0.7906236538726944,0.6699984524997928,1.3352118104861401
广州市,Guangzhou,2006,6,4,2,28.561104746571026,84.02877242963655,293.9625780127782,23.137560869088905,73.5033665140795,166.73662087486332,1.3958074931428968,1.483590486903519,1.7625152445694776,2.353331170711034,1.0073641458087566,0.6699984524997928,1.3352118104861401
广州市,Guangzhou,2006,7,5,14,29.58352560236066,82.55577743128826,424.6698752887671,23.137560869088905,73.5033665140795,166.73662087486332,1.5114699185193106,1.6065269769450354,3.7325326643583323,4.983721696476545,1.0782680070354487,0.6699984524997928,1.3352118104861401
广州市,Guangzhou,2006,8,4,288,29.5800194150715,80.66606030932586,137.02061165589862,23.137560869088905,73.5033665140795,166.73662087486332,1.380949120723008,1.4677976644109407,23.370104612380995,31.204039690747724,1.078034127671919,0.6699984524997928,1.3352118104861401
广州市,Guangzhou,2006,9,4,259,26.5815468993968,74.8331291827154,114.46905547533969,23.137560869088905,73.5033665140795,166.73662087486332,1.1380836409289694,1.2096582596650978,303.61242136288934,405.3868908140243,0.8582090828747587,0.6699984524997928,1.3352118104861401
广州市,Guangzhou,2006,10,5,159,26.18362627632416,65.84600028333942,36.716630333565526,23.137560869088905,73.5033665140795,166.73662087486332,1.0217620981478854,1.0860212000134275,310.4548480040852,414.52297967773404,0.8269185686026875,0.6699984524997928,1.3352118104861401
广州市,Guangzhou,2006,11,4,48,21.538131981819376,68.6831209348222,81.37403458301098,23.137560869088905,73.5033665140795,166.73662087486332,0.7729790221316541,0.8215920386186837,88.52528753348071,118.2000094413849,0.453833028006168,0.6699984524997928,1.3352118104861401
广州市,Guangzhou,2006,12,5,1,16.21796131413936,55.88345785185102,21.98805833128513,23.137560869088905,73.5033665140795,166.73662087486332,0.37446860763399764,0.39801911557221437,3.086243371251945,4.120788599330158,0.07398824422788611,0.6699984524997928,1.3352118104861401
广州市,Guangzhou,2007,1,4,0,13.96842993180015,53.40312919650463,18.515667952347577,23.137560869088905,73.5033665140795,166.73662087486332,0.23881455385299535,0.253833714155409,0.26799938099991716,0.35783593871406427,0.0,0.6699984524997928,1.3352118104861401
广州市,Guangzhou,2007,2,4,0,19.92070109260297,77.45050120728195,62.68890409946515,23.137560869088905,73.5033665140795,166.73662087486332,0.7028869267607067,0.7470918182012354,0.5138185057504385,0.6860565373243263,0.32903468992924767,0.6699984524997928,1.3352118104861401
广州市,Guangzhou,2007,3,4,0,19.17557502482985,81.59485379463464,93.5608948087822,23.137560869088905,73.5033665140795,166.73662087486332,0.6851603835869945,0.7282504443388644,0.4673853368906361,0.6240584218644207,0.2737876199605064,0.6699984524997928,1.3352118104861401
广州市,Guangzhou,2007,4,5,2,22.10487110574406,76.129101691762,220.206418319916,23.137560869088905,73.5033665140795,166.73662087486332,0.897232352601294,0.9536597198400831,0.7436541156410911,0.9929357581206106,0.4987677729756011,0.6699984524997928,1.3352118104861401
广州市,Guangzhou,2007,5,4,0,27.513373078957372,77.46318762915685,313.26884551916874,23.137560869088905,73.5033665140795,166.73662087486332,1.2989840361412526,1.3806777568727415,2.8360378301761227,3.786711205836645,0.9299919682174268,0.6699984524997928,1.3352118104861401
广州市,Guangzhou,2007,6,4,1,28.648480326821,84.20258174770763,389.9808727709344,23.137560869088905,73.5033665140795,166.73662087486332,1.4386438114282838,1.529120801516657,1.8179460456600243,2.4273430309918402,1.0136195015611547,0.6699984524997928,1.3352118104861401
广州市,Guangzhou,2007,7,5,1,30.46159515138244,76.7260811911805,87.22888336279635,23.137560869088905,73.5033665140795,166.73662087486332,1.3945492662595467,1.4822531295360635,1.9496170606378365,2.6031517252889125,1.1345010147924302,0.6699984524997928,1.3352118104861401
广州市,Guangzhou,2007,8,4,6,28.6791910782325,81.43485352587275,221.84435592789615,23.137560869088905,73.5033665140795,166.73662087486332,1.3624573007336787,1.4481428851118783,2.180349017155616,2.9112277586880264,1.0158101087825895,0.6699984524997928,1.3352118104861401
广州市,Guangzhou,2007,9,5,14,28.1429513867897,71.96458652330398,123.9968780811831,23.137560869088905,73.5033665140795,166.73662087486332,1.2317848077662101,1.3092523372255185,8.326433885122015,11.11755286264691,0.9769824743383755,0.6699984524997928,1.3352118104861401
广州市,Guangzhou,2007,10,4,5,24.39041523726715,58.05499846096368,73.74608439621693,23.137560869088905,73.5033665140795,166.73662087486332,0.8801021721776572,0.9354522142633477,10.363974773897338,13.838101521688149,0.6830768847597269,0.6699984524997928,1.3352118104861401
广州市,Guangzhou,2007,11,4,2,19.904009853413772,48.9081343836013,2.0160501498005026,23.137560869088905,73.5033665140795,166.73662087486332,0.517772791208458,0.5503357670653435,1.9275768730270584,2.573723406485671,0.32777963676785493,0.6699984524997928,1.3352118104861401
广州市,Guangzhou,2007,12,5,0,17.18880154075388,57.74689027685406,24.52764200231864,23.137560869088905,73.5033665140795,166.73662087486332,0.43912811260668955,0.46674508741047827,0.4896278316076472,0.6537568635052496,0.13566808985749998,0.6699984524997928,1.3352118104861401
广州市,Guangzhou,2008,1,4,0,12.848008237135108,72.86452981142342,98.5472374776642,23.137560869088905,73.5033665140795,166.73662087486332,0.28584060181869336,0.30381725253109504,0.26799938099991716,0.35783593871406427,0.0,0.6699984524997928,1.3352118104861401
广州市,Guangzhou,2008,2,4,0,12.502847605611022,58.80349137642342,20.46436586288526,23.137560869088905,73.5033665140795,166.73662087486332,0.188446293451688,0.20029777002245347,0.26799938099991716,0.35783593871406427,0.0,0.6699984524997928,1.3352118104861401
广州市,Guangzhou,2008,3,5,0,20.17295708381352,71.75392333085941,83.30278804944402,23.137560869088905,73.5033665140795,166.73662087486332,0.7049834351926914,0.7493201770406065,0.5288327759550291,0.7061037682273257,0.3480933824380083,0.6699984524997928,1.3352118104861401
广州市,Guangzhou,2008,4,4,0,24.77545655743945,79.02454113603822,200.4454555416636,23.137560869088905,73.5033665140795,166.73662087486332,1.076305026978474,1.1439943594486968,1.0850532629621457,1.4487759317135804,0.7142114602348,0.6699984524997928,1.3352118104861401
广州市,Guangzhou,2008,5,4,0,26.02438089089815,78.75981593889273,213.3517020446496,23.137560869088905,73.5033665140795,166.73662087486332,1.164010520716051,1.2372156931909741,1.2754773573555847,1.7030324315488277,0.814310699339113,0.6699984524997928,1.3352118104861401
广州市,Guangzhou,2008,6,5,0,27.66927291277488,85.54217290058821,869.11378616976,23.137560869088905,73.5033665140795,166.73662087486332,1.504509690483674,1.5991290168745542,1.7739878974543561,2.3686495923405317,0.9417554809916744,0.6699984524997928,1.3352118104861401
广州市,Guangzhou,2008,7,4,2,29.1807030405091,79.69381343542713,216.9529512171652,23.137560869088905,73.5033665140795,166.73662087486332,1.3873543052466164,1.4746056740202673,1.8177494589855843,2.4270805461423435,1.0509589819768774,0.6699984524997928,1.3352118104861401
广州市,Guangzhou,2008,8,5,0,28.9558523913587,80.03214338985556,234.58380271421248,23.137560869088905,73.5033665140795,166.73662087486332,1.3809587597627448,1.4678079096544479,3.3073878298408044,4.416063292261566,1.035349526613609,0.6699984524997928,1.3352118104861401
广州市,Guangzhou,2008,9,4,1,28.68510493474305,71.28277794593795,95.44759122245878,23.137560869088905,73.5033665140795,166.73662087486332,1.2490533099937395,1.3276068637298493,1.6171552442475985,2.159244781508992,1.0162314613659733,0.6699984524997928,1.3352118104861401
广州市,Guangzhou,2008,10,4,1,26.286446163235823,69.31820593641447,100.19428593426336,23.137560869088905,73.5033665140795,166.73662087486332,1.0828959187644762,1.1509997555380287,1.2291236880795655,1.6411404648721184,0.835034327727008,0.6699984524997928,1.3352118104861401
广州市,Guangzhou,2008,11,5,6,19.60747638879854,49.01399751535294,23.18752465458065,23.137560869088905,73.5033665140795,166.73662087486332,0.5127137096547432,0.544958517478683,0.4845092181197954,0.6469224303229562,0.3056123048122966,0.6699984524997928,1.3352118104861401
广州市,Guangzhou,2008,12,4,0,15.6541440290076,45.39265704304032,8.70181406683309,23.137560869088905,73.5033665140795,166.73662087486332,0.26931524704196413,0.2862526103724137,0.3404558979406159,0.45458073587997433,0.04017791984523301,0.6699984524997928,1.3352118104861401
广州市,Guangzhou,2009,1,4,0,13.265219432074224,51.1849649651541,9.576549330566412,23.137560869088905,73.5033665140795,166.73662087486332,0.1860422437564242,0.19774252850422247,0.26799938099991716,0.35783593871406427,0.0,0.6699984524997928,1.3352118104861401
广州市,Guangzhou,2009,2,4,0,21.56456680914645,74.12759400821288,12.872981645287313,23.137560869088905,73.5033665140795,166.73662087486332,0.7644651863737444,0.8125427637010852,0.6384518781712942,0.8524684881613703,0.45591753901540805,0.6699984524997928,1.3352118104861401
广州市,Guangzhou,2009,3,5,1,18.89659817815266,77.6688229652253,217.53994591074908,23.137560869088905,73.5033665140795,166.73662087486332,0.6995961721063649,0.7435941064294479,0.456531371619287,0.609566079243509,0.2535415342715034,0.6699984524997928,1.3352118104861401
广州市,Guangzhou,2009,4,4,0,23.251257825271047,73.34589794651842,109.90829818233884,23.137560869088905,73.5033665140795,166.73662087486332,0.9139001573468835,0.9713757707135758,0.8419441597618106,1.124173785883799,0.5908576228335114,0.6699984524997928,1.3352118104861401
广州市,Guangzhou,2009,5,5,1,26.39846897135764,76.39942716392461,300.6979051676659,23.137560869088905,73.5033665140795,166.73662087486332,1.2121290258072173,1.2883603938377162,1.3551861403256007,1.8094605399698696,0.8438529812975819,0.6699984524997928,1.3352118104861401
广州市,Guangzhou,2009,6,4,2,28.61715782273645,83.31298880711014,316.9093849175499,23.137560869088905,73.5033665140795,166.73662087486332,1.4056265982693563,1.4940271201979283,1.7790299297087646,2.3753817733554703,1.0113809369863827,0.6699984524997928,1.3352118104861401
广州市,Guangzhou,2009,7,4,1,29.706915130059677,79.28421808101598,183.89152108427152,23.137560869088905,73.5033665140795,166.73662087486332,1.4069177734081426,1.495399497952196,4.004770165313072,5.347216423008546,1.086454122745271,0.6699984524997928,1.3352118104861401
广州市,Guangzhou,2009,8,5,6,29.87115959139348,77.88102048703436,166.42785516466503,23.137560869088905,73.5033665140795,166.73662087486332,1.4028372297715945,1.4910623269953716,2.885620483223259,3.8529145497804183,1.0972131474787552,0.6699984524997928,1.3352118104861401
广州市,Guangzhou,2009,9,4,2,28.860241932563422,73.36252426795278,134.80172594214633,23.137560869088905,73.5033665140795,166.73662087486332,1.2933556461962121,1.3746953948206198,9.176596780320734,12.252700401153332,1.0286373872968344,0.6699984524997928,1.3352118104861401
广州市,Guangzhou,2009,10,4,2,25.886500117563024,58.83117355073463,9.897073640619649,23.137560869088905,73.5033665140795,166.73662087486332,0.9412516268459633,1.000447387072575,3.3221300739848756,4.435747310755801,0.8033591909004512,0.6699984524997928,1.3352118104861401
广州市,Guangzhou,2009,11,5,0,18.00443782102538,61.37699407726291,59.36278430130038,23.137560869088905,73.5033665140795,166.73662087486332,0.5190597069353382,0.551703617531275,0.5413816980735247,0.7228592372488117,0.1905861076257126,0.6699984524997928,1.3352118104861401
广州市,Guangzhou,2009,12,4,0,15.47243634049045,70.66764053760042,82.47281625668205,23.137560869088905,73.5033665140795,166.73662087486332,0.4233910383483595,0.4500183011050243,0.2813267425136796,0.3756307892098583,0.0296151544971327,0.6699984524997928,1.3352118104861401
广州市,Guangzhou,2010,1,5,0,15.95994822496382,77.89825510053856,78.78983099171684,23.137560869088905,73.5033665140795,166.73662087486332,0.4747437116911817,0.5046005683752253,0.2974300932362355,0.3971321732830154,0.05832477028530293,0.6699984524997928,1.3352118104861401
广州市,Guangzhou,2010,2,4,0,18.6107183350668,82.40416183195643,101.49346894608372,23.137560869088905,73.5033665140795,166.73662087486332,0.6564273097233538,0.6977103338630215,0.430609345031087,0.5749546831912087,0.23306228407259677,0.6699984524997928,1.3352118104861401
广州市,Guangzhou,2010,3,4,0,18.646223517445776,72.67960906109865,68.40114625378968,23.137560869088905,73.5033665140795,166.73662087486332,0.6109284092265901,0.6493499859832599,0.42098010122022184,0.5620976031288909,0.23559054981522476,0.6699984524997928,1.3352118104861401
广州市,Guangzhou,2010,4,4,2,21.095106962297077,82.17670020444695,217.834746352912,23.137560869088905,73.5033665140795,166.73662087486332,0.8547528306304235,0.9085086406305231,0.648743906978943,0.8662105265792066,0.4190874020909494,0.6699984524997928,1.3352118104861401
广州市,Guangzhou,2010,5,5,0,26.18977986416628,82.28083773384856,403.3527129165365,23.137560869088905,73.5033665140795,166.73662087486332,1.25932265381496,1.3385220514435925,2.482998639623402,3.3153291090461856,0.8274048441094468,0.6699984524997928,1.3352118104861401
广州市,Guangzhou,2010,6,4,1,28.2030296678234,84.6702214191321,360.4199180172477,23.137560869088905,73.5033665140795,166.73662087486332,1.39801936846745,1.4859414681139258,1.7262890195068357,2.304961487158066,0.9813910371300795,0.6699984524997928,1.3352118104861401
广州市,Guangzhou,2010,7,4,0,29.80223636395145,80.48697836968583,180.6767872275028,23.137560869088905,73.5033665140795,166.73662087486332,1.417881945529666,1.5070532120468516,1.9147831168215275,2.556641032099566,1.092717710733637,0.6699984524997928,1.3352118104861401
广州市,Guangzhou,2010,8,5,4,29.19929843088134,79.18035461708295,252.91558534286668,23.137560869088905,73.5033665140795,166.73662087486332,1.4019090305851771,1.4900757529228827,1.835914512780647,2.451334740507628,1.052238538010675,0.6699984524997928,1.3352118104861401
广州市,Guangzhou,2010,9,4,19,28.29405022060645,80.38860078358037,335.5647356316233,23.137560869088905,73.5033665140795,166.73662087486332,1.376243994472313,1.4627966305438038,6.049223668146021,8.076994885980858,0.9880430687410212,0.6699984524997928,1.3352118104861401
广州市,Guangzhou,2010,10,5,43,23.31061680725654,61.76832796928832,56.15709903547855,23.137560869088905,73.5033665140795,166.73662087486332,0.8306923413323244,0.882934975774685,10.891675035919548,14.542693143936834,0.5956548916989204,0.6699984524997928,1.3352118104861401
广州市,Guangzhou,2010,11,4,2,20.413309465157777,55.44719452876922,0.1737102799633021,23.137560869088905,73.5033665140795,166.73662087486332,0.5928987329025228,0.6301864147832611,11.513013012324725,15.372310948336587,0.3664055035892325,0.6699984524997928,1.3352118104861401
广州市,Guangzhou,2010,12,4,0,15.3755378040183,54.57756153563496,23.57096156858352,23.137560869088905,73.5033665140795,166.73662087486332,0.32225559997031067,0.3425224071485863,0.39074413873817915,0.5217261889214517,0.024050698675420076,0.6699984524997928,1.3352118104861401
广州市,Guangzhou,2011,1,5,0,11.138961768695616,58.6776723318112,19.655621137612133,23.137560869088905,73.5033665140795,166.73662087486332,0.11491840786470207,0.12214568091641297,0.26799938099991716,0.35783593871406427,0.0,0.6699984524997928,1.3352118104861401
广州市,Guangzhou,2011,2,4,1,15.926155706056324,72.38450340145945,48.82792402606845,23.137560869088905,73.5033665140795,166.73662087486332,0.44278448400141085,0.4706314097324629,0.29449450698322954,0.39321254384730114,0.05629697770995334,0.6699984524997928,1.3352118104861401
广州市,Guangzhou,2011,3,4,0,17.030596152445025,65.2802483598447,32.57712815243676,23.137560869088905,73.5033665140795,166.73662087486332,0.47100694873317406,0.5006287986264968,0.330744622559244,0.4416141262958832,0.12533286485210582,0.6699984524997928,1.3352118104861401
广州市,Guangzhou,2011,4,4,2,23.89270406550037,69.7579972018485,120.9510133743252,23.137560869088905,73.5033665140795,166.73662087486332,0.9421044553212076,1.0013538503341985,0.9116379609482066,1.217229772345548,0.6427683677787599,0.6699984524997928,1.3352118104861401
广州市,Guangzhou,2011,5,5,1,26.0364935578364,78.35807112348877,193.5414566604865,23.137560869088905,73.5033665140795,166.73662087486332,1.1547440475036297,1.2273664470931906,2.2692725593546337,3.029959522462417,0.81527125948994,0.6699984524997928,1.3352118104861401
广州市,Guangzhou,2011,6,4,1,28.983158280026725,82.15491038579636,279.7052619244967,23.137560869088905,73.5033665140795,166.73662087486332,1.4118137488356464,1.500603383591184,2.7584210066894954,3.6830763064248826,1.0372584342246387,0.6699984524997928,1.3352118104861401
广州市,Guangzhou,2011,7,5,1,29.58150662314544,79.95037706597944,315.79893058654017,23.137560869088905,73.5033665140795,166.73662087486332,1.4586618732561893,1.5503978087257642,2.4409956191662596,3.259246180055718,1.078133339980698,0.6699984524997928,1.3352118104861401
广州市,Guangzhou,2011,8,4,2,29.55190062718052,75.9778527195102,120.64640856678773,23.137560869088905,73.5033665140795,166.73662087486332,1.34708265302347,1.4318013185316627,2.271093381778552,3.032390706067631,1.076155971584555,0.6699984524997928,1.3352118104861401
广州市,Guangzhou,2011,9,4,5,28.1883162097172,71.0641633565033,88.42609872946234,23.137560869088905,73.5033665140795,166.73662087486332,1.2108783588354484,1.2870310718282585,3.1698929444411608,4.232478497394524,0.980312660111493,0.6699984524997928,1.3352118104861401
广州市,Guangzhou,2011,10,5,30,24.2906952489548,67.95744903346696,180.10253858751778,23.137560869088905,73.5033665140795,166.73662087486332,0.9829630245336474,1.0447820342992913,4.217298733020306,5.630987076676948,0.6750039759436324,0.6699984524997928,1.3352118104861401
广州市,Guangzhou,2011,11,4,8,21.063239938325925,65.32183004524528,85.81220996809695,23.137560869088905,73.5033665140795,166.73662087486332,0.7294830925144221,0.775360629404903,10.443045141630408,13.943677210544827,0.4166026923268213,0.6699984524997928,1.3352118104861401
广州市,Guangzhou,2011,12,4,0,15.398447575960777,44.76311251865368,0.6298818017250083,23.137560869088905,73.5033665140795,166.73662087486332,0.24801050268958152,0.2636080005659878,0.38165494727326305,0.5095901931297259,0.025361982683136934,0.6699984524997928,1.3352118104861401
广州市,Guangzhou,2012,1,5,1,12.376858839686886,76.2857283403861,88.9483804076175,23.137560869088905,73.5033665140795,166.73662087486332,0.26593356854817385,0.28265825651788834,0.26799938099991716,0.35783593871406427,0.0,0.6699984524997928,1.3352118104861401
广州市,Guangzhou,2012,2,4,0,14.7997341220602,80.05061355315718,107.23148635342169,23.137560869088905,73.5033665140795,166.73662087486332,0.42313498264101296,0.44974614193307333,0.26799938099991716,0.35783593871406427,0.0,0.6699984524997928,1.3352118104861401
广州市,Guangzhou,2012,3,4,0,18.80326050769093,77.16986638393371,79.22936495016343,23.137560869088905,73.5033665140795,166.73662087486332,0.6415782077083599,0.6819273647954888,0.4363159554308579,0.5825742167948258,0.2468247838703748,0.6699984524997928,1.3352118104861401
广州市,Guangzhou,2012,4,5,0,24.71438106843032,84.35146424511936,542.4680861934154,23.137560869088905,73.5033665140795,166.73662087486332,1.2043743517821024,1.2801180246935346,1.1759587975325476,1.5701540751105372,0.709277893927007,0.6699984524997928,1.3352118104861401
广州市,Guangzhou,2012,5,4,3,27.672202955077523,81.66040543045585,192.0154060361139,23.137560869088905,73.5033665140795,166.73662087486332,1.2800786519931042,1.3605834041692073,1.549636028997512,2.069092327872321,0.9419758054304518,0.6699984524997928,1.3352118104861401
广州市,Guangzhou,2012,6,4,2,28.7577181020706,82.94216423595962,297.3006309155448,23.137560869088905,73.5033665140795,166.73662087486332,1.4063700537712627,1.4948173319681637,4.848383435995487,6.473618825506547,1.0213921476199745,0.6699984524997928,1.3352118104861401
广州市,Guangzhou,2012,7,5,9,29.41386244884378,80.96856847509964,289.4587701964149,23.137560869088905,73.5033665140795,166.73662087486332,1.441024412664796,1.5316511198914693,5.006820257714871,6.6851655410821555,1.0668723073830646,0.6699984524997928,1.3352118104861401
广州市,Guangzhou,2012,8,4,14,29.329891246081825,79.06748661354484,127.7551837554595,23.137560869088905,73.5033665140795,166.73662087486332,1.351080219358987,1.436050293705728,14.89743514191163,19.891231347431678,1.061174225657432,0.6699984524997928,1.3352118104861401
广州市,Guangzhou,2012,9,5,70,26.97162787536316,69.1770713625921,103.6307172479727,23.137560869088905,73.5033665140795,166.73662087486332,1.12833988589165,1.1993017152625916,18.06398934345772,24.119251915880525,0.8885404964431456,0.6699984524997928,1.3352118104861401
广州市,Guangzhou,2012,10,4,42,24.367531617284776,64.23666392198984,92.32070863255484,23.137560869088905,73.5033665140795,166.73662087486332,0.9280945839936158,0.9864628915691349,50.13060441618972,66.93497508330516,0.6812245742042635,0.6699984524997928,1.3352118104861401
广州市,Guangzhou,2012,11,4,16,20.1196103163133,76.80222870268575,183.23001955488544,23.137560869088905,73.5033665140795,166.73662087486332,0.7610558319084733,0.808918993320136,17.801382412706104,23.76861604042545,0.34404887197375655,0.6699984524997928,1.3352118104861401
广州市,Guangzhou,2012,12,5,0,14.84718300272252,70.35594585982706,67.60570651664709,23.137560869088905,73.5033665140795,166.73662087486332,0.3810189934942536,0.4049814582989618,0.26799938099991716,0.35783593871406427,0.0,0.6699984524997928,1.3352118104861401
广州市,Guangzhou,2013,1,4,1,15.5999957041417,67.83563302859318,7.648427489804851,23.137560869088905,73.5033665140795,166.73662087486332,0.38995115188705026,0.41447536435991167,0.34163585957700654,0.45615623459280363,0.03701289474848558,0.6699984524997928,1.3352118104861401
广州市,Guangzhou,2013,2,4,2,17.938859378924526,77.81166958969823,40.767811334013786,23.137560869088905,73.5033665140795,166.73662087486332,0.5753636988980224,0.6115485941923787,0.38179224109080984,0.5097735094564211,0.1860732919207662,0.6699984524997928,1.3352118104861401
广州市,Guangzhou,2013,3,5,0,20.734522952666985,77.67449727477432,316.65856257851755,23.137560869088905,73.5033665140795,166.73662087486332,0.846507518091381,0.8997447764840956,1.077339204281518,1.4384760294564232,0.3910963296310648,0.6699984524997928,1.3352118104861401
广州市,Guangzhou,2013,4,4,0,21.771511824253373,80.28859061638042,217.1370284089158,23.137560869088905,73.5033665140795,166.73662087486332,0.8911886604480057,0.9472359370273096,0.7153566449588467,0.9551526410587926,0.47227649044108416,0.6699984524997928,1.3352118104861401
广州市,Guangzhou,2013,5,4,0,27.1206303534335,86.92113838686743,396.0798363971041,23.137560869088905,73.5033665140795,166.73662087486332,1.342053383538633,1.426455755908999,1.5518447573217222,2.0720414480169613,0.9000246737436896,0.6699984524997928,1.3352118104861401
广州市,Guangzhou,2013,6,5,4,28.85227724356792,82.21677633127176,311.2491636712105,23.137560869088905,73.5033665140795,166.73662087486332,1.4153226655641897,1.504332977753257,1.814568442843052,2.4228332158194874,1.0280762867759226,0.6699984524997928,1.3352118104861401
广州市,Guangzhou,2013,7,4,8,28.304940636035425,85.1044640536241,255.0653269879961,23.137560869088905,73.5033665140795,166.73662087486332,1.3663703333512314,1.452302010202454,6.0123577813258775,8.027771118494558,0.9888367502027323,0.6699984524997928,1.3352118104861401
广州市,Guangzhou,2013,8,4,47,28.83043494376875,83.8969574571193,358.9676691872563,23.137560869088905,73.5033665140795,166.73662087486332,1.4393390766787357,1.5298597923277197,14.716196013487915,19.649238722638117,1.0265360025677446,0.6699984524997928,1.3352118104861401
广州市,Guangzhou,2013,9,5,348,27.68977086394646,73.79001973499558,227.295999524482,23.137560869088905,73.5033665140795,166.73662087486332,1.2586619715151397,1.3378198185212917,62.60884215082014,83.59606548063752,0.9432962215724497,0.6699984524997928,1.3352118104861401
广州市,Guangzhou,2013,10,4,711,24.7668941134085,56.0777095500961,4.195867340509421,23.137560869088905,73.5033665140795,166.73662087486332,0.8503989382569457,0.9038809299053505,233.79971085013446,312.1721352153441,0.7135199386383709,0.6699984524997928,1.3352118104861401
广州市,Guangzhou,2013,11,4,147,20.193159517654927,59.448110734817824,62.07646339458647,23.137560869088905,73.5033665140795,166.73662087486332,0.6352315245686034,0.6751815357497281,192.75268339007542,257.36565936532435,0.34962696016570355,0.6699984524997928,1.3352118104861401
广州市,Guangzhou,2013,12,5,2,13.67803337896982,49.02065383827938,132.6616472136076,23.137560869088905,73.5033665140795,166.73662087486332,0.23392834145915398,0.24864020555189056,0.26799938099991716,0.35783593871406427,0.0,0.6699984524997928,1.3352118104861401
广州市,Guangzhou,2014,1,4,1,14.756280250635026,55.75449501746995,4.460295699339289,23.137560869088905,73.5033665140795,166.73662087486332,0.28772319260419077,0.30581824034196237,0.26799938099991716,0.35783593871406427,0.0,0.6699984524997928,1.3352118104861401
广州市,Guangzhou,2014,2,4,0,14.127383327926063,73.73196419780777,60.42488579063979,23.137560869088905,73.5033665140795,166.73662087486332,0.3486898942891212,0.3706191667462081,0.26799938099991716,0.35783593871406427,0.0,0.6699984524997928,1.3352118104861401
广州市,Guangzhou,2014,3,5,1,18.70570287076104,79.69194523938253,290.05001869228226,23.137560869088905,73.5033665140795,166.73662087486332,0.7167035525320392,0.7617773781055597,0.4507008090916218,0.6017810432947925,0.2398357228014031,0.6699984524997928,1.3352118104861401
广州市,Guangzhou,2014,4,4,1,24.153742768001475,81.06380585050593,94.08659716392728,23.137560869088905,73.5033665140795,166.73662087486332,0.9965744647158421,1.0592495043956802,0.9712490810598904,1.296823243954976,0.6639131735645126,0.6699984524997928,1.3352118104861401
广州市,Guangzhou,2014,5,4,4,26.373452245050824,87.06592246335813,482.7117067820986,23.137560869088905,73.5033665140795,166.73662087486332,1.3163774479212602,1.399165048550415,1.7993177350438367,2.4024702906477025,0.8418858065664124,0.6699984524997928,1.3352118104861401
广州市,Guangzhou,2014,6,5,34,29.56219717506312,81.4293135880218,279.82784295639,23.137560869088905,73.5033665140795,166.73662087486332,1.4498855376977888,1.5410695252710034,7.403814236305534,9.885660210960571,1.0768442303233732,0.6699984524997928,1.3352118104861401
广州市,Guangzhou,2014,7,4,274,30.027812309144025,80.04987837959322,182.8083217363557,23.137560869088905,73.5033665140795,166.73662087486332,1.432736420518585,1.5228418919971822,59.62499741899963,79.61200075405392,1.1073233289772044,0.6699984524997928,1.3352118104861401
广州市,Guangzhou,2014,8,5,2772,29.20890206860712,80.44556204708229,233.6181384950363,23.137560869088905,73.5033665140795,166.73662087486332,1.400351831220999,1.4884206205538015,445.65376225863304,595.0421667553093,1.0528986737665424,0.6699984524997928,1.3352118104861401
广州市,Guangzhou,2014,9,4,19484,28.596883098025373,75.88032725404955,93.35366127788132,23.137560869088905,73.5033665140795,166.73662087486332,1.266533904508795,1.346186821106034,3880.706901939444,5181.565688504625,1.009929628752125,0.6699984524997928,1.3352118104861401
广州市,Guangzhou,2014,10,4,13785,25.357164898217125,58.67955659701792,2.9795992168077245,23.137560869088905,73.5033665140795,166.73662087486332,0.9038681037506955,0.9607127965194067,14854.153728194306,19833.44149266177,0.7610564128981383,0.6699984524997928,1.3352118104861401
广州市,Guangzhou,2014,11,5,1011,20.24202604502248,68.37478668369356,60.41831141944312,23.137560869088905,73.5033665140795,166.73662087486332,0.684015486733739,0.7270335443807255,5043.081653125166,6733.5821844986895,0.3533407662907799,0.6699984524997928,1.3352118104861401
广州市,Guangzhou,2014,12,4,15,14.083545761285624,49.33529998701865,27.16938806933636,23.137560869088905,73.5033665140795,166.73662087486332,0.22375441972622415,0.23782644106672568,0.26799938099991716,0.35783593871406427,0.0,0.6699984524997928,1.3352118104861401
广州市,Guangzhou,2015,1,4,4,15.397394371035698,63.79077782767352,58.29388226152616,23.137560869088905,73.5033665140795,166.73662087486332,0.38279220160967703,0.40686618431187266,3.5447012994222105,4.732927039634103,0.02530164166626136,0.6699984524997928,1.3352118104861401
广州市,Guangzhou,2015,2,4,1,17.715781517660425,70.4727933956364,42.56947252328264,23.137560869088905,73.5033665140795,166.73662087486332,0.5364310125970098,0.5701674128263692,1.095993803517875,1.4633838706766926,0.17084650286948028,0.6699984524997928,1.3352118104861401
广州市,Guangzhou,2015,3,5,5,20.52804070592228,81.58703307697319,76.42708028964879,23.137560869088905,73.5033665140795,166.73662087486332,0.7608937564147431,0.8087467248219086,0.935565602786791,1.2491782423255082,0.37519681058136667,0.6699984524997928,1.3352118104861401
广州市,Guangzhou,2015,4,4,5,23.25202751049515,73.24259088428505,125.79935232193483,23.137560869088905,73.5033665140795,166.73662087486332,0.9205622549291869,0.978456850765434,3.3324039502195095,4.4494651116437565,0.5909198151250892,0.6699984524997928,1.3352118104861401
广州市,Guangzhou,2015,5,5,3,27.2897355352378,87.88791863103077,749.629724802365,23.137560869088905,73.5033665140795,166.73662087486332,1.458102866935993,1.5498036462335605,9.465145197774541,12.63797365603474,0.9129837277849469,0.6699984524997928,1.3352118104861401
广州市,Guangzhou,2015,6,4,2,30.226729031281025,81.68675460123097,156.69881838028925,23.137560869088905,73.5033665140795,166.73662087486332,1.441422835298028,1.532074599512645,7.989236714061106,10.66732321738387,1.119939276458111,0.6699984524997928,1.3352118104861401
广州市,Guangzhou,2015,7,4,4,29.0294095735618,80.57060630894514,296.6240422261949,23.137560869088905,73.5033665140795,166.73662087486332,1.414536936798667,1.503497834133852,4.804657004455166,6.415234777683496,1.04048350601343,0.6699984524997928,1.3352118104861401
广州市,Guangzhou,2015,8,5,12,29.248383036620066,80.16409552546267,315.1306542357455,23.137560869088905,73.5033665140795,166.73662087486332,1.4355278013101325,1.5258088240476329,7.677013644943941,10.2504392879924,1.0556075239476779,0.6699984524997928,1.3352118104861401
广州市,Guangzhou,2015,9,4,17,28.46837289956745,76.25075481272577,90.39397137818986,23.137560869088905,73.5033665140795,166.73662087486332,1.2580653307703942,1.3371856547577698,17.931012729871505,23.94169997090176,1.0006890719498545,0.6699984524997928,1.3352118104861401
广州市,Guangzhou,2015,10,4,42,24.88515509505275,68.54968842504395,112.78570647929013,23.137560869088905,73.5033665140795,166.73662087486332,0.9949386512005662,1.0575108137943372,16.019806930641177,21.38983541549982,0.7230666977113682,0.6699984524997928,1.3352118104861401
广州市,Guangzhou,2015,11,5,14,21.53425847833974,72.4698079664593,59.4713751797168,23.137560869088905,73.5033665140795,166.73662087486332,0.7797995606402085,0.8288415240216213,17.97301079056559,23.99777627755801,0.4535276850921614,0.6699984524997928,1.3352118104861401
广州市,Guangzhou,2015,12,4,3,15.682913542763677,71.81004327925393,140.03789175763396,23.137560869088905,73.5033665140795,166.73662087486332,0.45941971048331814,0.48831283347985394,0.8117951951625466,1.0839185322769334,0.04186548101667422,0.6699984524997928,1.3352118104861401
广州市,Guangzhou,2016,1,5,2,13.52440656137774,74.72335755298705,298.36629412836896,23.137560869088905,73.5033665140795,166.73662087486332,0.38409858001802466,0.408254721476519,0.26799938099991716,0.35783593871406427,0.0,0.6699984524997928,1.3352118104861401
广州市,Guangzhou,2016,2,4,1,15.316696615931225,66.35046402685987,30.88622347605213,23.137560869088905,73.5033665140795,166.73662087486332,0.378191176052041,0.4019757980796432,0.2921243225684974,0.39004784562372063,0.02069513987712195,0.6699984524997928,1.3352118104861401
广州市,Guangzhou,2016,3,4,3,17.861587222412375,79.11093496474675,208.674471051779,23.137560869088905,73.5033665140795,166.73662087486332,0.6376950803728288,0.6778000257442724,0.4640483812889108,0.6196028793339292,0.18077695563093807,0.6699984524997928,1.3352118104861401
广州市,Guangzhou,2016,4,4,5,24.6575682373138,85.93071343289232,370.6102801900041,23.137560869088905,73.5033665140795,166.73662087486332,1.1566988397551807,1.2294441771544786,3.127030216933528,4.175247677396683,0.7046867167170973,0.6699984524997928,1.3352118104861401
广州市,Guangzhou,2016,5,5,8,27.477168341574043,81.30377242576631,267.3386270163,23.137560869088905,73.5033665140795,166.73662087486332,1.2968211511714296,1.378378847043657,7.808791356320704,10.42639044458149,0.9272489472262281,0.6699984524997928,1.3352118104861401
广州市,Guangzhou,2016,6,4,2,29.149225344071723,85.31348487859282,350.1026875691439,23.137560869088905,73.5033665140795,166.73662087486332,1.4653698316890778,1.5575276338388027,15.786418488235224,21.07821241076843,1.0487889686653695,0.6699984524997928,1.3352118104861401
广州市,Guangzhou,2016,7,5,31,29.83922321488692,81.50749514893208,350.7707777205594,23.137560869088905,73.5033665140795,166.73662087486332,1.498407381450646,1.5926429307387358,7.942289728616814,10.604639047951931,1.0951336696522702,0.6699984524997928,1.3352118104861401
广州市,Guangzhou,2016,8,4,29,28.9677504126281,82.94135050007587,303.7162225547933,23.137560869088905,73.5033665140795,166.73662087486332,1.4239290084982645,1.5134805776671052,49.82441305400714,66.52614476025015,1.0361817403937346,0.6699984524997928,1.3352118104861401
广州市,Guangzhou,2016,9,4,73,27.97983961918305,75.66486640787329,138.6672265210147,23.137560869088905,73.5033665140795,166.73662087486332,1.2476978593448005,1.326166168148179,49.27958079644099,65.79867829521399,0.9649437496654397,0.6699984524997928,1.3352118104861401
广州市,Guangzhou,2016,10,5,80,25.680569607367865,73.96279975507153,160.6923358573207,23.137560869088905,73.5033665140795,166.73662087486332,1.0961948292083117,1.1651350407529193,75.17872282573155,100.37951861418074,0.7869473388867005,0.6699984524997928,1.3352118104861401
广州市,Guangzhou,2016,11,4,17,19.931357605297126,76.50819577803523,71.55300923095727,23.137560869088905,73.5033665140795,166.73662087486332,0.7040783852264284,0.7483582080536821,25.420563229883747,33.94183625375048,0.3298363756957244,0.6699984524997928,1.3352118104861401
广州市,Guangzhou,2016,12,4,1,17.836162491864926,60.306222537122096,5.212284972815329,23.137560869088905,73.5033665140795,166.73662087486332,0.47992279155719764,0.5101053630248327,4.012485862753438,5.357518513357061,0.17903936166793086,0.6699984524997928,1.3352118104861401
广州市,Guangzhou,2017,1,5,6,16.90307331669996,71.20185599278645,48.653781609231146,23.137560869088905,73.5033665140795,166.73662087486332,0.4947534870589697,0.5258687679848169,0.6435700667086659,0.8593023539447637,0.11708047448078214,0.6699984524997928,1.3352118104861401
广州市,Guangzhou,2017,2,4,3,16.398102265976576,64.93608786842472,26.912471595864925,23.137560869088905,73.5033665140795,166.73662087486332,0.43132226759142456,0.4584483291083613,0.5138185063689787,0.6860565381502084,0.0851108103384912,0.6699984524997928,1.3352118104861401
广州市,Guangzhou,2017,3,4,1,18.9319575837382,80.12719883438147,122.9550443381264,23.137560869088905,73.5033665140795,166.73662087486332,0.6771688317752255,0.7197563000519321,1.1527594018645206,1.5391779680184465,0.25609363104358085,0.6699984524997928,1.3352118104861401
广州市,Guangzhou,2017,4,5,4,23.7678729049055,77.5219360716825,204.3947549060839,23.137560869088905,73.5033665140795,166.73662087486332,1.00505285099194,1.0682611003967803,1.5521019961676839,2.0723849163622052,0.632657579140736,0.6699984524997928,1.3352118104861401
广州市,Guangzhou,2017,5,4,4,26.702688486669874,80.25290387939172,205.81684197065488,23.137560869088905,73.5033665140795,166.73662087486332,1.2134830616303396,1.2897995856145046,5.080204314947576,6.783148801000654,0.8676676896017684,0.6699984524997928,1.3352118104861401
广州市,Guangzhou,2017,6,4,10,28.9243256085071,85.36993233322772,317.354101119375,23.137560869088905,73.5033665140795,166.73662087486332,1.4368260892320286,1.5271887619113063,8.47256684002416,11.312671309933492,1.0331410718692624,0.6699984524997928,1.3352118104861401
广州市,Guangzhou,2017,7,5,35,28.961188183032483,83.44239382875257,369.821992347984,23.137560869088905,73.5033665140795,166.73662087486332,1.4507279559933688,1.5419649236518371,18.15493998841434,24.240690291197936,1.0357228261307359,0.6699984524997928,1.3352118104861401
广州市,Guangzhou,2017,8,4,143,29.8801754309756,79.1986574514267,184.01637586649545,23.137560869088905,73.5033665140795,166.73662087486332,1.4187445239318905,1.5079700384129768,63.17502828849771,84.35204389859814,1.097799085508961,0.6699984524997928,1.3352118104861401
广州市,Guangzhou,2017,9,4,218,29.28709564055605,80.39045326043072,199.9442584346792,23.137560869088905,73.5033665140795,166.73662087486332,1.3903673579166445,1.4778082189985349,240.32651278001003,320.8867982368177,1.058255793942652,0.6699984524997928,1.3352118104861401
广州市,Guangzhou,2017,10,5,457,24.93241940447584,63.32546641709624,71.08678360081917,23.137560869088905,73.5033665140795,166.73662087486332,0.9471195358476964,1.0066843316482088,191.17847857701062,255.2637625067961,0.7268794309509875,0.6699984524997928,1.3352118104861401
广州市,Guangzhou,2017,11,4,70,20.044708963990225,74.28446993422455,50.228625676982,23.137560869088905,73.5033665140795,166.73662087486332,0.6926201304228014,0.7361793381832383,130.40326615464042,174.11598109564343,0.33838274892714576,0.6699984524997928,1.3352118104861401
广州市,Guangzhou,2017,12,5,2,16.16953187305952,55.04090441423748,25.120275562834284,23.137560869088905,73.5033665140795,166.73662087486332,0.3683421267332463,0.3915073373884729,6.026708934046703,8.046932947101494,0.07102400697181836,0.6699984524997928,1.3352118104861401
广州市,Guangzhou,2018,1,4,3,13.613954592027447,64.84759088952029,80.50609289087436,23.137560869088905,73.5033665140795,166.73662087486332,0.29523797038729727,0.313805626055953,0.26799938099991716,0.35783593871406427,0.0,0.6699984524997928,1.3352118104861401
广州市,Guangzhou,2018,2,4,1,16.832313233989726,66.76670201496943,16.43281850966949,23.137560869088905,73.5033665140795,166.73662087486332,0.4589836098436848,0.48784930626462475,0.4656345319621823,0.6217207264460919,0.11253198957158074,0.6699984524997928,1.3352118104861401
广州市,Guangzhou,2018,3,4,1,20.4934606310486,70.40349633798844,65.66079107087062,23.137560869088905,73.5033665140795,166.73662087486332,0.7106121453282989,0.7553028794202317,0.8026278309733706,1.0716781593405178,0.37254378659175685,0.6699984524997928,1.3352118104861401
广州市,Guangzhou,2018,4,5,3,23.64797379131712,75.55147619304554,127.92621126396048,23.137560869088905,73.5033665140795,166.73662087486332,0.9570820685393576,1.0172734127352674,1.0918212421470845,1.4578126174544352,0.6229486743936699,0.6699984524997928,1.3352118104861401
广州市,Guangzhou,2018,5,4,15,28.869912470959527,78.1302035632828,149.46708308395156,23.137560869088905,73.5033665140795,166.73662087486332,1.3260571131611198,1.409453472517771,5.055560832562398,6.750244532268458,1.0293182611069724,0.6699984524997928,1.3352118104861401
广州市,Guangzhou,2018,6,4,20,28.438176751994924,82.98442814109572,545.1716073061746,23.137560869088905,73.5033665140795,166.73662087486332,1.4676806004806044,1.5599837279731186,25.034722881143804,33.42665766315081,0.9985075729415728,0.6699984524997928,1.3352118104861401
广州市,Guangzhou,2018,7,5,59,29.31028981978966,82.96209681716957,244.1767391815126,23.137560869088905,73.5033665140795,166.73662087486332,1.423809947578827,1.513354028950103,39.56382340131553,52.82608427342443,1.059838711775459,0.6699984524997928,1.3352118104861401
广州市,Guangzhou,2018,8,4,184,28.42234633004125,85.61547934428208,357.7880367771989,23.137560869088905,73.5033665140795,166.73662087486332,1.4168760169125036,1.5059840201029353,97.89876718476286,130.71559017712835,0.9973623838737148,0.6699984524997928,1.3352118104861401
广州市,Guangzhou,2018,9,5,574,27.65261211425216,71.23171507327868,218.534333800748,23.137560869088905,73.5033665140795,166.73662087486332,1.238445572677879,1.316332000794455,249.975231434784,333.76988134072985,0.9405021290998498,0.6699984524997928,1.3352118104861401
广州市,Guangzhou,2018,10,4,319,23.32570649077925,68.09344738369528,74.01345736680726,23.137560869088905,73.5033665140795,166.73662087486332,0.8761425066135275,0.9312435234581172,349.9998202511091,467.323893667307,0.596874698726364,0.6699984524997928,1.3352118104861401
广州市,Guangzhou,2018,11,4,123,21.45289946927975,73.85425817254988,33.44983537689096,23.137560869088905,73.5033665140795,166.73662087486332,0.7676652995862825,0.8159441335479011,179.4701404515162,239.6306511604708,0.44712032449588557,0.6699984524997928,1.3352118104861401
广州市,Guangzhou,2018,12,5,12,15.84688732490272,75.35359573589216,30.12806086989324,23.137560869088905,73.5033665140795,166.73662087486332,0.4404753103183735,0.468177011023764,5.547459345763149,7.407033236654672,0.051562104320306376,0.6699984524997928,1.3352118104861401
广州市,Guangzhou,2019,1,4,5,16.611194723950874,68.00757649069685,3.390571762159365,23.137560869088905,73.5033665140795,166.73662087486332,0.4455068051099839,0.473524938903797,2.5479120412495937,3.402002249556307,0.09846151058091214,0.6699984524997928,1.3352118104861401
广州市,Guangzhou,2019,2,4,3,18.825825155776325,84.35166721676396,128.77220244522607,23.137560869088905,73.5033665140795,166.73662087486332,0.6863210485941514,0.7294841041175655,1.8266404948439416,2.438951962227878,0.24844590553252682,0.6699984524997928,1.3352118104861401
广州市,Guangzhou,2019,3,5,11,20.43288874722008,80.45028736037882,258.1214567222443,23.137560869088905,73.5033665140795,166.73662087486332,0.8195805613068318,0.8711243706451296,1.7102031657008134,2.2834834651745113,0.36790352874204063,0.6699984524997928,1.3352118104861401
广州市,Guangzhou,2019,4,4,11,24.49903392632768,84.3966876394574,339.49071823553,23.137560869088905,73.5033665140795,166.73662087486332,1.1299094130480303,1.2009699507245604,10.155839887092121,13.560197362651628,0.6918665753437089,0.6699984524997928,1.3352118104861401
广州市,Guangzhou,2019,5,4,27,26.16167489033705,85.8269039478074,314.498794060146,23.137560869088905,73.5033665140795,166.73662087486332,1.2417305365626543,1.3198235576124377,15.842077907531342,21.152529524777407,0.8251833316469358,0.6699984524997928,1.3352118104861401
广州市,Guangzhou,2019,6,5,109,29.182495241278623,84.03017983997157,365.4769825146891,23.137560869088905,73.5033665140795,166.73662087486332,1.4678430087930279,1.5601563502211644,49.95554077812003,66.70122804616786,1.0510823810431824,0.6699984524997928,1.3352118104861401
广州市,Guangzhou,2019,7,4,122,29.399714099791623,84.17330439680877,294.7992358668141,23.137560869088905,73.5033665140795,166.73662087486332,1.456921174156937,1.5485476362364352,193.55559870150623,258.4377213719669,1.065914885982805,0.6699984524997928,1.3352118104861401
广州市,Guangzhou,2019,8,4,228,29.803149280150077,81.1655383732107,245.3345053522449,23.137560869088905,73.5033665140795,166.73662087486332,1.451152735752436,1.5424164180109643,261.0176130255496,348.5137996566148,1.0927774399049395,0.6699984524997928,1.3352118104861401
广州市,Guangzhou,2019,9,5,535,28.112146296489243,67.63317462442505,104.31345488923732,23.137560869088905,73.5033665140795,166.73662087486332,1.194304237268393,1.26941459591273,327.66272354701243,437.4991383360261,0.9747165703596711,0.6699984524997928,1.3352118104861401
广州市,Guangzhou,2019,10,4,478,25.316971214063848,64.53799169609462,19.72546667639581,23.137560869088905,73.5033665140795,166.73662087486332,0.9498528091182452,1.009589501768168,461.9275679503489,616.7711443164449,0.757829853531083,0.6699984524997928,1.3352118104861401
广州市,Guangzhou,2019,11,4,156,21.38561070462035,55.427344174018025,0.1662154062557207,23.137560869088905,73.5033665140795,166.73662087486332,0.6475931228721824,0.6883205608203113,194.44903001383636,259.63064141204825,0.4418299560290397,0.6699984524997928,1.3352118104861401
广州市,Guangzhou,2019,12,5,5,17.70209120423438,56.6433765451042,4.17639946197969,23.137560869088905,73.5033665140795,166.73662087486332,0.45188566634679067,0.48030496974235853,24.702824972837245,32.983503656104254,0.1699183832536449,0.6699984524997928,1.3352118104861401
惠州市,Huizhou,2005,1,5,0,13.604589883787,66.30366089595042,33.363661730084864,22.45893585898941,76.42955056497493,157.83870916745974,0.3583743858320326,0.3455120055516152,0.03031010712264448,0.04111951916485033,0.0,3.031010712264448,1.3566273124165307
惠州市,Huizhou,2005,2,4,0,14.6293034138686,78.80904077520675,72.39974911493205,22.45893585898941,76.42955056497493,157.83870916745974,0.48004980363728494,0.4628203827522319,0.03031010712264448,0.04111951916485033,0.0,3.031010712264448,1.3566273124165307
惠州市,Huizhou,2005,3,4,0,17.492634889081074,76.80555838552053,119.27085458983348,22.45893585898941,76.42955056497493,157.83870916745974,0.6755640806723581,0.6513174758564907,0.03132493736061,0.04249626558314051,0.15581191593715532,3.031010712264448,1.3566273124165307
惠州市,Huizhou,2005,4,4,0,22.53334107209585,82.06258881465028,123.18241075887629,22.45893585898941,76.42955056497493,157.83870916745974,1.0396435264084758,1.0023297815611878,0.03565287064355081,0.04836765808109456,0.5330344981453768,3.031010712264448,1.3566273124165307
惠州市,Huizhou,2005,5,5,0,26.57235138338504,87.29459998710138,471.5771776374323,22.45893585898941,76.42955056497493,157.83870916745974,1.489903312954763,1.4364293378329476,0.04262734143787207,0.0578294156503222,0.8574897484208895,3.031010712264448,1.3566273124165307
惠州市,Huizhou,2005,6,4,0,26.998028752680025,89.01173127611995,558.1912894035335,22.45893585898941,76.42955056497493,157.83870916745974,1.5568474665633543,1.500970805325272,0.04367744743986038,0.059254018133552064,0.8905796348463351,3.031010712264448,1.3566273124165307
惠州市,Huizhou,2005,7,5,0,29.08958598039284,82.00561717915733,173.41293251302676,22.45893585898941,76.42955056497493,157.83870916745974,1.547427607634575,1.4918890336385495,0.04589533190271974,0.062262860771651336,1.0446638073385823,3.031010712264448,1.3566273124165307
惠州市,Huizhou,2005,8,4,0,27.555234266202422,86.1179294972823,322.5291077963838,22.45893585898941,76.42955056497493,157.83870916745974,1.5114569052227056,1.4572093522138554,0.043908178047597786,0.059567033577819097,0.9331583622006354,3.031010712264448,1.3566273124165307
惠州市,Huizhou,2005,9,4,0,27.7892538315542,82.382562116849,104.6918710026548,22.45893585898941,76.42955056497493,157.83870916745974,1.4138479722194277,1.3631036919462647,0.04326986598161231,0.05870108199525818,0.9507537053519121,3.031010712264448,1.3566273124165307
惠州市,Huizhou,2005,10,5,0,24.56579307890834,66.62279817639002,9.844096262722038,22.45893585898941,76.42955056497493,157.83870916745974,1.0461320794696058,1.0085854545944994,0.03734263651672798,0.05066004061623607,0.6972665887702013,3.031010712264448,1.3566273124165307
惠州市,Huizhou,2005,11,4,0,20.90742782498717,68.02714402476934,14.023386011123536,22.45893585898941,76.42955056497493,157.83870916745974,0.813624367430184,0.7844226542692271,0.03348297065087084,0.04542391248581248,0.40448392342546663,3.031010712264448,1.3566273124165307
惠州市,Huizhou,2005,12,4,0,14.228313621858725,44.9318876928488,9.373134806461335,22.45893585898941,76.42955056497493,157.83870916745974,0.2645736581837591,0.25507787071044435,0.03031010712264448,0.04111951916485033,0.0,3.031010712264448,1.3566273124165307
惠州市,Huizhou,2006,1,5,0,15.682161635726862,67.75054994773129,16.48325202222816,22.45893585898941,76.42955056497493,157.83870916745974,0.4836776593775344,0.46631803147440654,0.030505127493914,0.041384089126992166,0.04182132324004331,3.031010712264448,1.3566273124165307
惠州市,Huizhou,2006,2,4,0,16.374770368822475,67.58809328782431,49.73859969984039,22.45893585898941,76.42955056497493,157.83870916745974,0.5401966014705374,0.5208084577052635,0.03074582427719928,0.04171062495720778,0.08366168945769696,3.031010712264448,1.3566273124165307
惠州市,Huizhou,2006,3,4,0,18.7519800666307,83.77468039192767,149.7016532706253,22.45893585898941,76.42955056497493,157.83870916745974,0.7950647589064688,0.7665291668527262,0.03217389985482636,0.04364799129001169,0.24314700767804875,3.031010712264448,1.3566273124165307
惠州市,Huizhou,2006,4,5,0,23.45852922249934,85.45167233190836,315.7138865465057,22.45893585898941,76.42955056497493,157.83870916745974,1.1936928455044762,1.1508501315051327,0.03730285998898196,0.05060607869230273,0.6076162894635158,3.031010712264448,1.3566273124165307
惠州市,Huizhou,2006,5,4,0,24.624059279050726,85.58617066367242,453.351589452247,22.45893585898941,76.42955056497493,157.83870916745974,1.3254071448838096,1.2778370857561239,0.03928024189311932,0.053288648990533684,0.701977964989725,3.031010712264448,1.3566273124165307
惠州市,Huizhou,2006,6,4,0,27.43286926882505,88.12630387320353,318.0711618470703,22.45893585898941,76.42955056497493,157.83870916745974,1.5086614928626412,1.4545142697273457,0.04374817662936692,0.059349971283821724,0.9238870863220514,3.031010712264448,1.3566273124165307
惠州市,Huizhou,2006,7,5,0,28.608821862476496,86.09802728472451,426.0066614277926,22.45893585898941,76.42955056497493,157.83870916745974,1.6325879537316923,1.5739928980237556,0.04621978257965206,0.06270301942150976,1.0107844499796128,3.031010712264448,1.3566273124165307
惠州市,Huizhou,2006,8,4,0,28.774662209852277,83.17625299304984,115.8895068431472,22.45893585898941,76.42955056497493,157.83870916745974,1.4983381727149243,1.4445614628605603,0.04508209041945846,0.06115959516386896,1.0225929236380218,3.031010712264448,1.3566273124165307
惠州市,Huizhou,2006,9,4,0,25.755722254184224,79.55086463904254,110.89169846736873,22.45893585898941,76.42955056497493,157.83870916745974,1.2539156337503738,1.2089114695062888,0.03989609802565029,0.05412413624044441,0.7929439950570296,3.031010712264448,1.3566273124165307
惠州市,Huizhou,2006,10,5,0,25.77732655143316,67.00681515365574,29.61868441192611,22.45893585898941,76.42955056497493,157.83870916745974,1.1437277096934964,1.1026782895314662,0.03907272045399009,0.053007119738298976,0.7946663514223071,3.031010712264448,1.3566273124165307
惠州市,Huizhou,2006,11,4,0,21.16445384193375,70.4364573245475,113.58814678373346,22.45893585898941,76.42955056497493,157.83870916745974,0.8905623513658563,0.8585992644948567,0.0339548738167847,0.046064109209507056,0.4245014927056291,3.031010712264448,1.3566273124165307
惠州市,Huizhou,2006,12,5,0,15.36255963076096,61.14943976435016,34.515037692429736,22.45893585898941,76.42955056497493,157.83870916745974,0.44209926123265536,0.42623191957969686,0.03040945777817735,0.0412543009776527,0.02330906038919799,3.031010712264448,1.3566273124165307
惠州市,Huizhou,2007,1,4,0,13.596003799322474,54.59928552776776,17.2041171796035,22.45893585898941,76.42955056497493,157.83870916745974,0.29665308771414334,0.286005940550764,0.03031010712264448,0.04111951916485033,0.0,3.031010712264448,1.3566273124165307
惠州市,Huizhou,2007,2,4,0,19.3087718503096,75.5701628616093,43.78387197126362,22.45893585898941,76.42955056497493,157.83870916745974,0.7581503903337647,0.7309396882977373,0.032382624702275306,0.0439311531188409,0.2835415305546542,3.031010712264448,1.3566273124165307
惠州市,Huizhou,2007,3,4,0,18.83915476086317,81.69037398889728,69.79437035297359,22.45893585898941,76.42955056497493,157.83870916745974,0.7615394121739266,0.7342070750841394,0.03214125152874538,0.043603699679145555,0.24940435310992523,3.031010712264448,1.3566273124165307
惠州市,Huizhou,2007,4,5,0,21.19683271781908,81.61827846810873,222.4797257510562,22.45893585898941,76.42955056497493,157.83870916745974,0.9831556938953018,0.9478693483592511,0.03435781870911618,0.04661075525584268,0.4270326489065429,3.031010712264448,1.3566273124165307
惠州市,Huizhou,2007,5,4,0,26.447559769917675,81.17617631159527,321.9451705641544,22.45893585898941,76.42955056497493,157.83870916745974,1.4031445326916048,1.3527844085271314,0.041777788419631506,0.056676888822431146,0.8477094520532412,3.031010712264448,1.3566273124165307
惠州市,Huizhou,2007,6,4,0,27.53810725586605,88.77919267601585,376.6129552462834,22.45893585898941,76.42955056497493,157.83870916745974,1.541219993950177,1.4859042168140815,0.04415670684669051,0.05990419453459037,0.9318635459380046,3.031010712264448,1.3566273124165307
惠州市,Huizhou,2007,7,5,0,29.65017782999946,79.2747137779349,84.47537833019227,22.45893585898941,76.42955056497493,157.83870916745974,1.5276179840492285,1.4727903953296064,0.04625602024622969,0.06275218042972722,1.082700781737279,3.031010712264448,1.3566273124165307
惠州市,Huizhou,2007,8,4,0,27.512813705525502,87.72111414710773,320.1035072117039,22.45893585898941,76.42955056497493,157.83870916745974,1.5140309302730375,1.4596909931810675,0.043884497955850955,0.05953490851859482,0.929949619242642,3.031010712264448,1.3566273124165307
惠州市,Huizhou,2007,9,5,0,27.42547609750062,76.60597977305943,123.9568274699397,22.45893585898941,76.42955056497493,157.83870916745974,1.3690463484553959,1.319910038910094,0.042497172109662334,0.057652824384433955,0.9233254258056279,3.031010712264448,1.3566273124165307
惠州市,Huizhou,2007,10,4,0,23.775567127484123,62.40052541020908,31.102768421783217,22.45893585898941,76.42955056497493,157.83870916745974,0.9796690510248969,0.9445078442495225,0.036291493186820456,0.04923403086561907,0.6332807186930886,3.031010712264448,1.3566273124165307
惠州市,Huizhou,2007,11,4,0,19.373912891521027,52.94010848324268,1.8627821232223496,22.45893585898941,76.42955056497493,157.83870916745974,0.6191049673202302,0.59688473105898,0.032031115402311024,0.04345428600194094,0.28833176493108914,3.031010712264448,1.3566273124165307
惠州市,Huizhou,2007,12,5,0,16.72936894167796,58.77358800745803,8.808883323898238,22.45893585898941,76.42955056497493,157.83870916745974,0.5007427325826814,0.48277062379432467,0.03082162269935703,0.04181345516694506,0.10595416363413053,3.031010712264448,1.3566273124165307
惠州市,Huizhou,2008,1,4,0,12.606846951369764,72.53210255928605,56.66388945784533,22.45893585898941,76.42955056497493,157.83870916745974,0.3285117701632548,0.3167211861218682,0.03031010712264448,0.04111951916485033,0.0,3.031010712264448,1.3566273124165307
惠州市,Huizhou,2008,2,4,0,11.706828498575195,63.04390031220253,31.254964473152167,22.45893585898941,76.42955056497493,157.83870916745974,0.23144836237168648,0.22314147167358905,0.03031010712264448,0.04111951916485033,0.0,3.031010712264448,1.3566273124165307
惠州市,Huizhou,2008,3,5,0,19.53179987930354,71.81869354460211,68.66689605178829,22.45893585898941,76.42955056497493,157.83870916745974,0.768770344310171,0.7411784825372724,0.03253360934069856,0.04413598300308122,0.299995516659142,3.031010712264448,1.3566273124165307
惠州市,Huizhou,2008,4,4,0,23.84629977895755,82.6145329226866,165.5644282293692,22.45893585898941,76.42955056497493,157.83870916745974,1.1541585115012818,1.1127347204444962,0.037420588942845244,0.05076579300657589,0.639009612044854,3.031010712264448,1.3566273124165307
惠州市,Huizhou,2008,5,4,0,25.02693604106435,82.4996689276835,210.87796022111831,22.45893585898941,76.42955056497493,157.83870916745974,1.259148039429601,1.213956079421398,0.039226599540824025,0.053215876310307615,0.7344987655920274,3.031010712264448,1.3566273124165307
惠州市,Huizhou,2008,6,5,0,26.587305075544258,89.1847888236579,852.8048010139034,22.45893585898941,76.42955056497493,157.83870916745974,1.598460062169895,1.5410898873038676,0.04354282076078685,0.059071379903740985,0.858659429742477,3.031010712264448,1.3566273124165307
惠州市,Huizhou,2008,7,4,0,28.0957254484021,84.93475355516385,230.20375795719127,22.45893585898941,76.42955056497493,157.83870916745974,1.5106780136622218,1.4564584157747313,0.0444888351189684,0.06035476881998827,0.9735072311544064,3.031010712264448,1.3566273124165307
惠州市,Huizhou,2008,8,5,0,27.9957321881864,84.66549902595942,271.231612886213,22.45893585898941,76.42955056497493,157.83870916745974,1.519207373319924,1.464681649013239,0.04446070564057164,0.06031660760131119,0.9661211040269715,3.031010712264448,1.3566273124165307
惠州市,Huizhou,2008,9,4,0,27.73612528599457,76.96275046553207,119.24581120147718,22.45893585898941,76.42955056497493,157.83870916745974,1.3914942871814677,1.3415523008472516,0.04301159242181161,0.0583507010299575,0.94677526110205,3.031010712264448,1.3566273124165307
惠州市,Huizhou,2008,10,4,0,25.512144952031527,75.6667324875298,61.87376559337583,22.45893585898941,76.42955056497493,157.83870916745974,1.191622699173488,1.1488542845950795,0.03919626626497053,0.0531747253598097,0.7734800889442678,3.031010712264448,1.3566273124165307
惠州市,Huizhou,2008,11,5,0,19.0787777173618,52.905046925776006,13.487541155548044,22.45893585898941,76.42955056497493,157.83870916745974,0.6069057886960362,0.5851233919701334,0.031870831951611,0.04323684109499293,0.2667343077349036,3.031010712264448,1.3566273124165307
惠州市,Huizhou,2008,12,4,0,14.9099050856812,48.070297150204,7.192513811073327,22.45893585898941,76.42955056497493,157.83870916745974,0.3256902000804259,0.3140008847368815,0.03031010712264448,0.04111951916485033,0.0,3.031010712264448,1.3566273124165307
惠州市,Huizhou,2009,1,4,0,12.81838027987145,51.9848869973067,5.751161175632441,22.45893585898941,76.42955056497493,157.83870916745974,0.23292237522407247,0.22456258087383038,0.03031010712264448,0.04111951916485033,0.0,3.031010712264448,1.3566273124165307
惠州市,Huizhou,2009,2,4,0,20.97076297093725,74.09255405553878,12.084930215139366,22.45893585898941,76.42955056497493,157.83870916745974,0.8448709347998828,0.8145477541237919,0.03364489745892417,0.045643586816230056,0.409403907799969,3.031010712264448,1.3566273124165307
惠州市,Huizhou,2009,3,5,0,18.248240758489494,79.02263563847444,206.1876999398797,22.45893585898941,76.42955056497493,157.83870916745974,0.7641442465226916,0.7367184195762464,0.031838840083711774,0.04319344005322561,0.20750573359447194,3.031010712264448,1.3566273124165307
惠州市,Huizhou,2009,4,4,0,22.22503248582977,76.6781848915943,129.35619786956752,22.45893585898941,76.42955056497493,157.83870916745974,0.99867552688459,0.9628321605298407,0.03520471134986774,0.0477596729429708,0.5083548751144525,3.031010712264448,1.3566273124165307
惠州市,Huizhou,2009,5,5,0,25.51128584083142,79.39974273406648,159.966793523883,22.45893585898941,76.42955056497493,157.83870916745974,1.2590651436714535,1.213876158866856,0.03969836250090075,0.05385588282693417,0.7734112998001487,3.031010712264448,1.3566273124165307
惠州市,Huizhou,2009,6,4,0,27.695125936860972,86.70372671705015,253.8849860643761,22.45893585898941,76.42955056497493,157.83870916745974,1.4974627658539807,1.4437174751422528,0.04393444737639838,0.05960267126674883,0.9436985066909619,3.031010712264448,1.3566273124165307
惠州市,Huizhou,2009,7,4,0,28.746666080606225,83.55085293004365,164.92886622734022,22.45893585898941,76.42955056497493,157.83870916745974,1.5239745021446476,1.4692776812802468,0.04530567586074462,0.061462917280176464,1.0206082164832064,3.031010712264448,1.3566273124165307
惠州市,Huizhou,2009,8,5,0,28.82416295659894,83.80797907924111,211.06030135496107,22.45893585898941,76.42955056497493,157.83870916745974,1.5535416694000537,1.4977836562069358,0.04567876486527712,0.061969060013687544,1.0260932998529986,3.031010712264448,1.3566273124165307
惠州市,Huizhou,2009,9,4,0,28.0314991245964,77.63326060422804,132.33150792671205,22.45893585898941,76.42955056497493,157.83870916745974,1.42392158499324,1.3728157536622534,0.04360949824483851,0.059161836399728676,0.9687673736781727,3.031010712264448,1.3566273124165307
惠州市,Huizhou,2009,10,4,0,25.377581374111276,62.03728620995945,5.769687429084768,22.45893585898941,76.42955056497493,157.83870916745974,1.0690863357739155,1.0307158619148626,0.03817132199984963,0.05178425797604199,0.7626946637456994,3.031010712264448,1.3566273124165307
惠州市,Huizhou,2009,11,5,0,17.704471020217643,65.35100473889862,51.58969912126511,22.45893585898941,76.42955056497493,157.83870916745974,0.6140392207190674,0.5920007986771485,0.03131698010939635,0.04248547055881231,0.17007966695345086,3.031010712264448,1.3566273124165307
惠州市,Huizhou,2009,12,4,0,14.913708892436777,73.43954154178415,84.40936647506706,22.45893585898941,76.42955056497493,157.83870916745974,0.4848298632875173,0.467428881745746,0.03031010712264448,0.04111951916485033,0.0,3.031010712264448,1.3566273124165307
惠州市,Huizhou,2010,1,5,0,15.316539592223942,77.13753601161102,57.03357039045322,22.45893585898941,76.42955056497493,157.83870916745974,0.5124289567538826,0.4940374188286381,0.030412304735778096,0.041258163238091165,0.020686209027633337,3.031010712264448,1.3566273124165307
惠州市,Huizhou,2010,2,4,0,17.822776607641554,86.84865514959827,127.4629084100144,22.45893585898941,76.42955056497493,157.83870916745974,0.7334380691576013,0.7071143146411117,0.03156965834854511,0.04282826075929484,0.17812554488306437,3.031010712264448,1.3566273124165307
惠州市,Huizhou,2010,3,4,0,17.969274654071025,73.96845506768283,47.344736199493205,22.45893585898941,76.42955056497493,157.83870916745974,0.6664511181405918,0.6425315857779987,0.03151912213615539,0.042759701953300866,0.18816429266228069,3.031010712264448,1.3566273124165307
惠州市,Huizhou,2010,4,4,0,20.4642117592832,84.08091341279625,189.0057151450153,22.45893585898941,76.42955056497493,157.83870916745974,0.9286080110807229,0.8952794311314838,0.033625344798287465,0.04561706114277989,0.37030200408525815,3.031010712264448,1.3566273124165307
惠州市,Huizhou,2010,5,5,0,25.12424042715904,86.1068908130913,359.0971194260024,22.45893585898941,76.42955056497493,157.83870916745974,1.3362656373167006,1.2883058570915662,0.039873652611286815,0.05409368617828041,0.7423350158659261,3.031010712264448,1.3566273124165307
惠州市,Huizhou,2010,6,4,0,27.2873066738092,88.32586862702485,432.5655163090381,22.45893585898941,76.42955056497493,157.83870916745974,1.5385476274692627,1.483327763979022,0.0438498959422593,0.059487966481891766,0.912798179095251,3.031010712264448,1.3566273124165307
惠州市,Huizhou,2010,7,4,0,28.96081943965137,82.90630820425447,192.1853070690321,22.45893585898941,76.42955056497493,157.83870916745974,1.5509909044667056,1.4953244405301074,0.04579713798311785,0.062129648218406185,1.0356970327444834,3.031010712264448,1.3566273124165307
惠州市,Huizhou,2010,8,5,0,28.41691581422428,83.00936931664855,274.7344533464386,22.45893585898941,76.42955056497493,157.83870916745974,1.5459415940459442,1.4904563544193228,0.045169499304958005,0.06127817644528553,0.996969293213735,3.031010712264448,1.3566273124165307
惠州市,Huizhou,2010,9,4,0,27.4675265617179,86.36376312931576,335.00977776147784,22.45893585898941,76.42955056497493,157.83870916745974,1.5103287730510695,1.4561217097244394,0.04380133325013891,0.05942208500739677,0.9265177517370811,3.031010712264448,1.3566273124165307
惠州市,Huizhou,2010,10,5,0,22.474852207521543,67.30985013805338,62.73463845579132,22.45893585898941,76.42955056497493,157.83870916745974,0.9389741177033682,0.905273488827981,0.03509306705386457,0.04760821324173739,0.5283441954554953,3.031010712264448,1.3566273124165307
惠州市,Huizhou,2010,11,4,0,19.81153944610075,59.94510440595485,0.0375146647834774,22.45893585898941,76.42955056497493,157.83870916745974,0.6917358444861307,0.6669088204656516,0.03244982049561413,0.044022312767363854,0.3208404668385782,3.031010712264448,1.3566273124165307
惠州市,Huizhou,2010,12,4,0,14.932004176957676,56.82874126661955,23.084541181192275,22.45893585898941,76.42955056497493,157.83870916745974,0.38922085886742497,0.3752513708187732,0.03031010712264448,0.04111951916485033,0.0,3.031010712264448,1.3566273124165307
惠州市,Huizhou,2011,1,5,0,10.860408826598952,58.75142652290303,13.136254077625278,22.45893585898941,76.42955056497493,157.83870916745974,0.15798147758176517,0.15231137971134623,0.03031010712264448,0.04111951916485033,0.0,3.031010712264448,1.3566273124165307
惠州市,Huizhou,2011,2,4,0,15.375116704667477,71.73168296276182,39.19071902037605,22.45893585898941,76.42955056497493,157.83870916745974,0.4900734944348155,0.47248431423674175,0.03042362913996532,0.0412735262341084,0.02402662139254829,3.031010712264448,1.3566273124165307
惠州市,Huizhou,2011,3,4,0,17.091384549729725,64.12408064721262,17.275138758411327,22.45893585898941,76.42955056497493,157.83870916745974,0.5545059338037585,0.534604215181282,0.03100130436698064,0.042057216224783804,0.12929139440132886,3.031010712264448,1.3566273124165307
惠州市,Huizhou,2011,4,4,0,23.06558340308297,71.05257868016088,129.66264074005113,22.45893585898941,76.42955056497493,157.83870916745974,1.0305141984746933,0.9935281134497341,0.03603148778971816,0.04888130044253439,0.5758649996533936,3.031010712264448,1.3566273124165307
惠州市,Huizhou,2011,5,5,0,25.13012187345296,82.10653289118662,188.23426783685636,22.45893585898941,76.42955056497493,157.83870916745974,1.2555628348493253,1.2104995510705563,0.03930179944194234,0.05331789455005574,0.7428083976855407,3.031010712264448,1.3566273124165307
惠州市,Huizhou,2011,6,4,0,28.037646409368577,84.85763551998852,284.813857869681,22.45893585898941,76.42955056497493,157.83870916745974,1.528904511109831,1.4740307477724106,0.04459673314353223,0.06050114622706734,0.969221710095127,3.031010712264448,1.3566273124165307
惠州市,Huizhou,2011,7,5,0,28.6010933051215,84.05259675999808,255.51531862917847,22.45893585898941,76.42955056497493,157.83870916745974,1.5571333262431182,1.501246405243029,0.04547616599245802,0.06169420884935635,1.0102311530503472,3.031010712264448,1.3566273124165307
惠州市,Huizhou,2011,8,4,0,28.6026985909585,81.08578165558318,115.9891573665235,22.45893585898941,76.42955056497493,157.83870916745974,1.4754365997025551,1.4224818479812227,0.0446820969832427,0.060616953143511315,1.0103460990377386,3.031010712264448,1.3566273124165307
惠州市,Huizhou,2011,9,4,0,27.678417368539822,72.40083924738462,83.6942854478073,22.45893585898941,76.42955056497493,157.83870916745974,1.342859468724667,1.2946630299367918,0.0425115682624887,0.057672354598551925,0.9424430031372657,3.031010712264448,1.3566273124165307
惠州市,Huizhou,2011,10,5,0,23.72591574757488,72.04785186402265,137.12130050765532,22.45893585898941,76.42955056497493,157.83870916745974,1.0849824722559798,1.0460414717061115,0.03689242491653771,0.0500492712630512,0.6292597350999242,3.031010712264448,1.3566273124165307
惠州市,Huizhou,2011,11,4,0,20.01812265911275,73.62736889259452,119.82724224627056,22.45893585898941,76.42955056497493,157.83870916745974,0.830757506938121,0.8009408699308717,0.033004272952899656,0.044774498114353856,0.3363751222343924,3.031010712264448,1.3566273124165307
惠州市,Huizhou,2011,12,4,0,14.603265312040826,51.64316291289418,1.9435645687294083,22.45893585898941,76.42955056497493,157.83870916745974,0.3305776990107619,0.3187129669177303,0.03031010712264448,0.04111951916485033,0.0,3.031010712264448,1.3566273124165307
惠州市,Huizhou,2012,1,5,0,12.191228758265252,77.283833456582,73.84358124025316,22.45893585898941,76.42955056497493,157.83870916745974,0.32309979745253264,0.3115034539981538,0.03031010712264448,0.04111951916485033,0.0,3.031010712264448,1.3566273124165307
惠州市,Huizhou,2012,2,4,0,14.734160425754226,82.40835423184686,96.33442895765238,22.45893585898941,76.42955056497493,157.83870916745974,0.5060372584559839,0.4878751243536561,0.03031010712264448,0.04111951916485033,0.0,3.031010712264448,1.3566273124165307
惠州市,Huizhou,2012,3,4,0,18.5102624795292,78.25669256501766,69.4648036667741,22.45893585898941,76.42955056497493,157.83870916745974,0.7276318509626385,0.7015164868595466,0.03189506291509927,0.04326971348186728,0.22593279304811542,3.031010712264448,1.3566273124165307
惠州市,Huizhou,2012,4,5,0,23.807443914779174,86.66609544849128,437.0841764184163,22.45893585898941,76.42955056497493,157.83870916745974,1.2625060564300328,1.2171935741597617,0.038049784031365365,0.05161937624850062,0.6358624522039268,3.031010712264448,1.3566273124165307
惠州市,Huizhou,2012,5,4,0,26.748099758386925,84.63157274378383,220.90182913616096,22.45893585898941,76.42955056497493,157.83870916745974,1.4016860373394584,1.3513782598900355,0.04208337624243734,0.057091457609191446,0.8712045671617414,3.031010712264448,1.3566273124165307
惠州市,Huizhou,2012,6,4,0,27.82738682108605,86.94723889511262,307.2800523993864,22.45893585898941,76.42955056497493,157.83870916745974,1.530527202069781,1.4755951988886955,0.044381430310918235,0.060209060523902555,0.9536032103432692,3.031010712264448,1.3566273124165307
惠州市,Huizhou,2012,7,5,0,28.55307926564882,84.58276195510969,269.3674436679265,22.45893585898941,76.42955056497493,157.83870916745974,1.5617057260993024,1.5056546975399974,0.04546885664622731,0.06168429279062387,1.0067879141445806,3.031010712264448,1.3566273124165307
惠州市,Huizhou,2012,8,4,0,28.533973150465822,83.38534624426406,153.4628985036086,22.45893585898941,76.42955056497493,157.83870916745974,1.5010036135319247,1.4471312386000368,0.044859781199570035,0.060858004404366305,1.0054149678228905,3.031010712264448,1.3566273124165307
惠州市,Huizhou,2012,9,5,0,26.49628904921636,74.16167054195697,76.11062267572368,22.45893585898941,76.42955056497493,157.83870916745974,1.2624900426328138,1.2171781351121838,0.040674774669315246,0.055180510242781124,0.8515325117728543,3.031010712264448,1.3566273124165307
惠州市,Huizhou,2012,10,4,0,23.828867870571475,67.47722483907636,55.0345647329901,22.45893585898941,76.42955056497493,157.83870916745974,1.027391202717334,0.9905172048298303,0.036625621831825175,0.0496873189112932,0.6375976791100456,3.031010712264448,1.3566273124165307
惠州市,Huizhou,2012,11,4,0,19.95920731372675,77.82179258813032,156.12042618321388,22.45893585898941,76.42955056497493,157.83870916745974,0.858293435968528,0.8274885096064427,0.03305681420489788,0.0448457770118432,0.33193295742073187,3.031010712264448,1.3566273124165307
惠州市,Huizhou,2012,12,5,0,14.373291933466486,72.76048385541468,59.78146003326397,22.45893585898941,76.42955056497493,157.83870916745974,0.4395285824954564,0.42375350482341795,0.03031010712264448,0.04111951916485033,0.0,3.031010712264448,1.3566273124165307
惠州市,Huizhou,2013,1,4,0,15.285698495026026,67.60592549054712,4.412451601184905,22.45893585898941,76.42955056497493,157.83870916745974,0.4533510799876636,0.4370799004004252,0.03039286627762771,0.041231792494853085,0.018934559769829058,3.031010712264448,1.3566273124165307
惠州市,Huizhou,2013,2,4,0,17.926284336380903,75.98418054008617,23.905611221503975,22.45893585898941,76.42955056497493,157.83870916745974,0.6603105306224916,0.6366113894902027,0.03148917389610963,0.042719073352895987,0.185209814484995,3.031010712264448,1.3566273124165307
惠州市,Huizhou,2013,3,5,0,20.21353589730908,77.49789561569584,254.31970377494684,22.45893585898941,76.42955056497493,157.83870916745974,0.908744846811233,0.8761291737618926,0.033386852024811016,0.045293515332467775,0.3511748032491275,3.031010712264448,1.3566273124165307
惠州市,Huizhou,2013,4,4,0,21.0059724440389,83.7186217344606,166.862328719739,22.45893585898941,76.42955056497493,157.83870916745974,0.956839567269064,0.9224977312782154,0.034112113965959756,0.046277425490486385,0.4121426768223269,3.031010712264448,1.3566273124165307
惠州市,Huizhou,2013,5,4,0,26.2057425991591,90.89111201736188,345.604962233085,22.45893585898941,76.42955056497493,157.83870916745974,1.4337320522818933,1.382274114422137,0.04176454190271227,0.056658918235784124,0.8286659397406383,3.031010712264448,1.3566273124165307
惠州市,Huizhou,2013,6,5,0,27.84357102899984,86.09755158379417,335.1039681227856,22.45893585898941,76.42955056497493,157.83870916745974,1.5388003824860141,1.4835714473900121,0.04447541115410603,0.06033655750261506,0.954811044414612,3.031010712264448,1.3566273124165307
惠州市,Huizhou,2013,7,4,0,27.458894726600874,88.66900595554574,279.8458491032216,22.45893585898941,76.42955056497493,157.83870916745974,1.4979251100980775,1.4441632254339825,0.043681078647281005,0.05925894432871594,0.925862900339291,3.031010712264448,1.3566273124165307
惠州市,Huizhou,2013,8,4,0,27.97981494441195,87.98248304218714,343.84808785686323,22.45893585898941,76.42955056497493,157.83870916745974,1.5609893367624537,1.5049640200632695,0.04483213584796737,0.060820499965320775,0.964941920984422,3.031010712264448,1.3566273124165307
惠州市,Huizhou,2013,9,5,0,26.70477123328218,79.02501704233501,235.1925747195812,22.45893585898941,76.42955056497493,157.83870916745974,1.3787856806001497,1.32929981763062,0.04184616988824704,0.05676965699041814,0.8678300119054216,3.031010712264448,1.3566273124165307
惠州市,Huizhou,2013,10,4,0,23.9036850363715,60.48793249944512,3.9589989948463193,22.45893585898941,76.42955056497493,157.83870916745974,0.9592645788919117,0.9248357070443987,0.03626288478298239,0.04919521992360771,0.6436578534972304,3.031010712264448,1.3566273124165307
惠州市,Huizhou,2013,11,4,0,19.6950523955596,62.24503096490648,46.61993235509874,22.45893585898941,76.42955056497493,157.83870916745974,0.7213531054983873,0.6954630912390283,0.03248087750853244,0.0440644455593309,0.31213308272341767,3.031010712264448,1.3566273124165307
惠州市,Huizhou,2013,12,5,0,12.96586848830754,54.71918041320724,117.17416156501756,22.45893585898941,76.42955056497493,157.83870916745974,0.2939716841072067,0.2834207749402947,0.03031010712264448,0.04111951916485033,0.0,3.031010712264448,1.3566273124165307
惠州市,Huizhou,2014,1,4,0,14.37262392815075,57.544951471600825,1.721061258850087,22.45893585898941,76.42955056497493,157.83870916745974,0.3512542639009008,0.3386474312252837,0.03031010712264448,0.04111951916485033,0.0,3.031010712264448,1.3566273124165307
惠州市,Huizhou,2014,2,4,0,13.889169959151769,74.14959358315465,49.08546665084821,22.45893585898941,76.42955056497493,157.83870916745974,0.41009718023198094,0.3953784221605185,0.03031010712264448,0.04111951916485033,0.0,3.031010712264448,1.3566273124165307
惠州市,Huizhou,2014,3,5,0,18.431691781634974,80.0916551983957,198.60574457908572,22.45893585898941,76.42955056497493,157.83870916745974,0.7779207181341244,0.7500004411828967,0.031962967952844284,0.04336183531072284,0.2203813143886847,3.031010712264448,1.3566273124165307
惠州市,Huizhou,2014,4,4,0,23.406900350469275,82.76259050130675,112.99871538637422,22.45893585898941,76.42955056497493,157.83870916745974,1.0995149555514525,1.0600523710548655,0.03670688768923889,0.04979756639302759,0.6034400508183314,3.031010712264448,1.3566273124165307
惠州市,Huizhou,2014,5,4,0,25.3744096019476,91.1283705721833,418.0034336685064,22.45893585898941,76.42955056497493,157.83870916745974,1.3941259479362185,1.3440895089214124,0.04055798568103758,0.055022071111494146,0.7624401864885237,3.031010712264448,1.3566273124165307
惠州市,Huizhou,2014,6,5,0,28.52579396950538,85.56531482811333,254.49379804597808,22.45893585898941,76.42955056497493,157.83870916745974,1.5576730035087194,1.5017667130042982,0.04540026060487324,0.06159123352739928,1.0048267385045955,3.031010712264448,1.3566273124165307
惠州市,Huizhou,2014,7,4,0,29.20305793827645,84.1548430880051,160.9095349456895,22.45893585898941,76.42955056497493,157.83870916745974,1.560048040921452,1.5040565081798887,0.04614025698743958,0.0625951328310782,1.0524970158170261,3.031010712264448,1.3566273124165307
惠州市,Huizhou,2014,8,5,0,28.372947050152085,84.5404500612259,234.0509908205882,22.45893585898941,76.42955056497493,157.83870916745974,1.532171622504439,1.4771805995892215,0.04499006314324401,0.06103474844746914,0.99378207544032,3.031010712264448,1.3566273124165307
惠州市,Huizhou,2014,9,4,8,27.8063476771814,81.03261163966998,101.60511697689049,22.45893585898941,76.42955056497493,157.83870916745974,1.40716716620554,1.3566626660922532,0.043225965462151385,0.05864152535152821,0.9520316776100202,3.031010712264448,1.3566273124165307
惠州市,Huizhou,2014,10,4,26,24.997083307802495,60.82720956562157,1.37848513366697,22.45893585898941,76.42955056497493,157.83870916745974,1.0323224097319965,0.9952714263723956,5.859360067567443,7.948967900944762,0.732093000711719,3.031010712264448,1.3566273124165307
惠州市,Huizhou,2014,11,5,3,19.85274400006898,70.0068436123739,47.56916525274255,22.45893585898941,76.42955056497493,157.83870916745974,0.7717821073199764,0.744082150653363,6.8755691497411995,9.327584896947414,0.32392961955596294,3.031010712264448,1.3566273124165307
惠州市,Huizhou,2014,12,4,0,13.549877181407323,51.17476927725488,23.44389583467479,22.45893585898941,76.42955056497493,157.83870916745974,0.2762184267882966,0.26630469805581153,0.03031010712264448,0.04111951916485033,0.0,3.031010712264448,1.3566273124165307
惠州市,Huizhou,2015,1,4,0,14.697402276300323,64.76398703922462,55.25038851371762,22.45893585898941,76.42955056497493,157.83870916745974,0.4266587179514395,0.411345551337967,0.03031010712264448,0.04111951916485033,0.0,3.031010712264448,1.3566273124165307
惠州市,Huizhou,2015,2,4,0,17.08869730489885,70.43592703468033,32.31383992551175,22.45893585898941,76.42955056497493,157.83870916745974,0.5893901208380854,0.5682363772463384,0.03104379158242359,0.04211485554168223,0.1291160666859325,3.031010712264448,1.3566273124165307
惠州市,Huizhou,2015,3,5,0,20.149306978161626,80.96147688246057,47.58781241172766,22.45893585898941,76.42955056497493,157.83870916745974,0.8360299658335296,0.8060240955160699,0.03310136395151396,0.04490621441486382,0.3462994275726124,3.031010712264448,1.3566273124165307
惠州市,Huizhou,2015,4,4,0,22.589415493958622,75.01224810705855,104.64356967395736,22.45893585898941,76.42955056497493,157.83870916745974,1.005459056621708,0.9693722232599076,0.035520818125798305,0.04818851202883814,0.5375345897193852,3.031010712264448,1.3566273124165307
惠州市,Huizhou,2015,5,5,0,26.5100431515856,89.70281162906807,574.1628866646361,22.45893585898941,76.42955056497493,157.83870916745974,1.524891105998512,1.470161387394203,0.0428448600132368,0.05812450729061992,0.8526106724112532,3.031010712264448,1.3566273124165307
惠州市,Huizhou,2015,6,4,0,29.3543724115439,83.97647727550202,122.13048027473415,22.45893585898941,76.42955056497493,157.83870916745974,1.550036556333932,1.4944043448134912,0.046193224579047,0.06266699011252576,1.0628393521155621,3.031010712264448,1.3566273124165307
惠州市,Huizhou,2015,7,4,0,28.11636071601045,84.258378839417,347.7077843528311,22.45893585898941,76.42955056497493,157.83870916745974,1.5567899564078944,1.5009153592612168,0.044944433848312176,0.0609728464997183,0.9750267818480468,3.031010712264448,1.3566273124165307
惠州市,Huizhou,2015,8,5,1,28.24654360102864,84.72225430983084,308.9192524184025,22.45893585898941,76.42955056497493,157.83870916745974,1.5543328747831604,1.4985464645144708,0.045064424969215575,0.061135629731583326,0.9845752664967581,3.031010712264448,1.3566273124165307
惠州市,Huizhou,2015,9,4,0,27.45802685101617,81.43364168484668,100.1716443124769,22.45893585898941,76.42955056497493,157.83870916745974,1.382218923145522,1.3326098380011961,1.2640363591402397,1.7148262486972,0.9257970463943761,3.031010712264448,1.3566273124165307
惠州市,Huizhou,2015,10,4,2,24.524368999457675,73.6897172662062,50.35131773097966,22.45893585898941,76.42955056497493,157.83870916745974,1.1057744523745134,1.0660872088853053,0.2522426316896952,0.342199243506064,0.6939161034149108,3.031010712264448,1.3566273124165307
惠州市,Huizhou,2015,11,5,0,22.02791834466464,70.7575035187202,33.120605963666506,22.45893585898941,76.42955056497493,157.83870916745974,0.9114463649303778,0.8787337319565656,0.8961058317308491,1.2156816461418016,0.49263826636110036,3.031010712264448,1.3566273124165307
惠州市,Huizhou,2015,12,4,0,15.3976711537676,73.26660919553832,119.54932436553884,22.45893585898941,76.42955056497493,157.83870916745974,0.5271902507023409,0.5082689166094511,0.03803096572342728,0.05159384681797836,0.0253174987638661,3.031010712264448,1.3566273124165307
惠州市,Huizhou,2016,1,5,0,12.744662104530486,77.63451761079193,267.270015904045,22.45893585898941,76.42955056497493,157.83870916745974,0.4124159600835726,0.39761397890963174,0.03031010712264448,0.04111951916485033,0.0,3.031010712264448,1.3566273124165307
惠州市,Huizhou,2016,2,4,0,14.514453713200847,69.0265594944236,34.49734374734876,22.45893585898941,76.42955056497493,157.83870916745974,0.42477153555237335,0.40952610161912284,0.03031010712264448,0.04111951916485033,0.0,3.031010712264448,1.3566273124165307
惠州市,Huizhou,2016,3,4,0,17.05313160972735,81.60191935067185,179.30972245178148,22.45893585898941,76.42955056497493,157.83870916745974,0.6838223242224847,0.6592793235893118,0.03114606353838699,0.04225360047043644,0.12679851859926614,3.031010712264448,1.3566273124165307
惠州市,Huizhou,2016,4,4,0,23.906475236192524,88.58088066431719,362.4196359529862,22.45893585898941,76.42955056497493,157.83870916745974,1.2543447485174637,1.209325182956944,0.03809675688490631,0.05168310090455641,0.6438838677966285,3.031010712264448,1.3566273124165307
惠州市,Huizhou,2016,5,5,0,26.6709491412802,85.05883881992779,342.0788209684184,22.45893585898941,76.42955056497493,157.83870916745974,1.445093478600283,1.3932277688918333,0.04236421313423759,0.05747244860694183,0.8651927761374499,3.031010712264448,1.3566273124165307
惠州市,Huizhou,2016,6,4,0,28.362192279715376,87.99073495999785,351.1548217714184,22.45893585898941,76.42955056497493,157.83870916745974,1.594209719637048,1.5369920934021193,0.04557245804239821,0.0618248412742738,0.9930012643051822,3.031010712264448,1.3566273124165307
惠州市,Huizhou,2016,7,5,0,28.89942171179064,85.26193328179102,324.7297820971301,22.45893585898941,76.42955056497493,157.83870916745974,1.6147818647640146,1.5568258856660802,0.04636710324602197,0.06290287866119058,1.0313931873317734,3.031010712264448,1.3566273124165307
惠州市,Huizhou,2016,8,4,0,27.94417005596068,87.74436147945156,341.86249027627923,22.45893585898941,76.42955056497493,157.83870916745974,1.5564063646894257,1.5005455349958654,0.04474982531369902,0.06070883524643273,0.962297901282571,3.031010712264448,1.3566273124165307
惠州市,Huizhou,2016,9,4,1,27.2629041434146,81.34149511221797,140.74034694843294,22.45893585898941,76.42955056497493,157.83870916745974,1.3886640264781545,1.3388236207559965,0.04250589372087667,0.0576646563604156,0.9109330317421175,3.031010712264448,1.3566273124165307
惠州市,Huizhou,2016,10,5,0,24.69275985929808,81.0156338195962,255.0073231717105,22.45893585898941,76.42955056497493,157.83870916745974,1.245416472789892,1.2007173511064921,0.8798546698429699,1.193634876066202,0.707530845571148,3.031010712264448,1.3566273124165307
惠州市,Huizhou,2016,11,4,0,19.3097076701084,80.31079988619899,120.24239331066148,22.45893585898941,76.42955056497493,157.83870916745974,0.8095935760345288,0.780536531616126,0.0967205565706926,0.13121374871592972,0.28361025507477167,3.031010712264448,1.3566273124165307
惠州市,Huizhou,2016,12,4,0,17.0348400710721,67.12318537375702,10.530959886150365,22.45893585898941,76.42955056497493,157.83870916745974,0.5617037787242072,0.5415437229486685,0.03099033322000969,0.042042332467154477,0.1256087123790158,3.031010712264448,1.3566273124165307
惠州市,Huizhou,2017,1,5,0,16.522712535212218,72.58787369084851,33.35081868360503,22.45893585898941,76.42955056497493,157.83870916745974,0.5626773896259395,0.5424823900760734,0.030814033750084124,0.041803159791088895,0.09289271627213147,3.031010712264448,1.3566273124165307
惠州市,Huizhou,2017,2,4,0,15.865851893747951,63.72697383070648,30.72846689231872,22.45893585898941,76.42955056497493,157.83870916745974,0.48344703915251885,0.46609568841749166,0.030555702772840403,0.04145270093171681,0.05269210943138714,3.031010712264448,1.3566273124165307
惠州市,Huizhou,2017,3,4,0,18.61844246928595,80.27151190106065,95.5149803966876,22.45893585898941,76.42955056497493,157.83870916745974,0.7530323681382423,0.7260053565398268,0.032006142284990095,0.04342040678890719,0.23361193510045045,3.031010712264448,1.3566273124165307
惠州市,Huizhou,2017,4,5,1,22.9673424277198,81.76574524959918,207.101935959701,22.45893585898941,76.42955056497493,157.83870916745974,1.1042613185193033,1.064628382770353,0.03635657455217775,0.04932232202339214,0.5679415960900159,3.031010712264448,1.3566273124165307
惠州市,Huizhou,2017,5,4,0,25.78604824822725,84.54787258603012,235.3794919525868,22.45893585898941,76.42955056497493,157.83870916745974,1.334518967914971,1.2866218772317164,1.0536395800338618,1.4293962317170201,0.7953614741208997,3.031010712264448,1.3566273124165307
惠州市,Huizhou,2017,6,4,1,27.96971416318,89.34904775027906,398.4920256477734,22.45893585898941,76.42955056497493,157.83870916745974,1.5857337926046995,1.5288203750437976,0.4725335473144703,0.6410519163198793,0.964193150506987,3.031010712264448,1.3566273124165307
惠州市,Huizhou,2017,7,5,0,28.25958841538084,86.80291185140338,327.2358888251072,22.45893585898941,76.42955056497493,157.83870916745974,1.57179119868789,1.515378193411301,1.5237583342003775,2.0671721736985478,0.9855283872838364,3.031010712264448,1.3566273124165307
惠州市,Huizhou,2017,8,4,1,29.1118512892259,83.84744419136905,131.6475590970229,22.45893585898941,76.42955056497493,157.83870916745974,1.5360193657870689,1.4808902438913463,0.4951049647053853,0.6716729176323482,1.046205955055332,3.031010712264448,1.3566273124165307
惠州市,Huizhou,2017,9,4,0,28.419511913415825,84.9684957795413,173.7771757519151,22.45893585898941,76.42955056497493,157.83870916745974,1.5095771192429308,1.455397033450136,1.4815697794323173,2.0099380280288166,0.9971572285463195,3.031010712264448,1.3566273124165307
惠州市,Huizhou,2017,10,5,8,24.1709591021958,67.49456601373274,60.04316312457976,22.45893585898941,76.42955056497493,157.83870916745974,1.0535361406919865,1.0157237773745509,0.23304072498384776,0.31614941241843725,0.6653075779625265,3.031010712264448,1.3566273124165307
惠州市,Huizhou,2017,11,4,1,20.103775464266825,73.83142839973418,31.2709098439598,22.45893585898941,76.42955056497493,157.83870916745974,0.797007371116431,0.7684020569565064,2.1378818607535917,2.900308923018197,0.342849770922438,3.031010712264448,1.3566273124165307
惠州市,Huizhou,2017,12,5,0,16.161502553704942,56.1883831162457,26.462686756657828,22.45893585898941,76.42955056497493,157.83870916745974,0.45979112011189616,0.4432888016699466,0.13661711367851773,0.18533850775979116,0.07053362619649532,3.031010712264448,1.3566273124165307
惠州市,Huizhou,2018,1,4,0,13.025322280192796,68.46146906528955,90.5024125795743,22.45893585898941,76.42955056497493,157.83870916745974,0.3515084260762267,0.3388924712906564,0.03031010712264448,0.04111951916485033,0.0,3.031010712264448,1.3566273124165307
惠州市,Huizhou,2018,2,4,0,16.41558155303965,67.85000656610487,13.706313081302588,22.45893585898941,76.42955056497493,157.83870916745974,0.5280183086494972,0.509067254809238,0.030748913331128773,0.04171481565213806,0.08619808175419305,3.031010712264448,1.3566273124165307
惠州市,Huizhou,2018,3,4,0,20.228749886636148,70.41297505763502,46.84848269602418,22.45893585898941,76.42955056497493,157.83870916745974,0.7978903949124088,0.7692533882311725,0.03302042673548423,0.044796412777006925,0.3523311894760548,3.031010712264448,1.3566273124165307
惠州市,Huizhou,2018,4,5,0,23.38462923897148,76.69468382480747,88.04374612611691,22.45893585898941,76.42955056497493,157.83870916745974,1.0603948001119181,1.0223362733152812,0.03646087985100099,0.049463825440605506,0.6016389018860189,3.031010712264448,1.3566273124165307
惠州市,Huizhou,2018,5,4,0,28.3004935647365,78.87835142701407,100.97990625125816,22.45893585898941,76.42955056497493,157.83870916745974,1.4333883284056876,1.3819427271061935,0.043970786630568,0.05965197009146818,0.9885127104022005,3.031010712264448,1.3566273124165307
惠州市,Huizhou,2018,6,4,0,27.619915866521524,86.23860798316542,359.75541721105407,22.45893585898941,76.42955056497493,157.83870916745974,1.5308737067145881,1.4759292671689446,0.044154911008035105,0.05990175825082175,0.9380397959007242,3.031010712264448,1.3566273124165307
惠州市,Huizhou,2018,7,5,0,28.57127454726532,85.57503042615265,220.9929334211064,22.45893585898941,76.42955056497493,157.83870916745974,1.546427797182979,1.4909251072867808,0.0453400327532517,0.061509526778921325,1.0080939382635399,3.031010712264448,1.3566273124165307
惠州市,Huizhou,2018,8,4,0,27.609135072935075,88.92469670248055,360.8378999411387,22.45893585898941,76.42955056497493,157.83870916745974,1.5417869019499193,1.486450777973857,0.04424152708821849,0.06001926399089299,0.9372271300206506,3.031010712264448,1.3566273124165307
惠州市,Huizhou,2018,9,5,0,26.87589739188444,78.08344768410863,198.17014567708907,22.45893585898941,76.42955056497493,157.83870916745974,1.3711444247990694,1.3219328133994594,0.04195807181913638,0.05692146620617477,0.8811313690397171,3.031010712264448,1.3566273124165307
惠州市,Huizhou,2018,10,4,0,22.6528582072045,73.48024477590297,87.59716470338812,22.45893585898941,76.42955056497493,157.83870916745974,0.9946799147721633,0.9589799545437301,0.035513818771263715,0.04817901651330723,0.542629866658171,3.031010712264448,1.3566273124165307
惠州市,Huizhou,2018,11,4,1,21.1788894486139,76.44378659390925,48.40812534858714,22.45893585898941,76.42955056497493,157.83870916745974,0.8881827895035651,0.8563051072562875,0.03395479610909103,0.046064003789127436,0.42562971487167756,3.031010712264448,1.3566273124165307
惠州市,Huizhou,2018,12,5,1,15.48100101188136,75.57811019857179,20.56399493413914,22.45893585898941,76.42955056497493,157.83870916745974,0.5022497895018748,0.48422359107998053,0.04488973258467149,0.060898637271439654,0.030109283666889444,3.031010712264448,1.3566273124165307
惠州市,Huizhou,2019,1,4,1,16.287389921331553,67.97881984847193,6.526195438671118,22.45893585898941,76.42955056497493,157.83870916745974,0.5172670405432743,0.4987018594225677,0.08104513062018708,0.10994803773771107,0.07825705963307214,3.031010712264448,1.3566273124165307
惠州市,Huizhou,2019,2,4,0,18.932598995905074,81.88657505128788,71.36546570232348,22.45893585898941,76.42955056497493,157.83870916745974,0.7691264968323009,0.7415218524238163,0.2772235015657465,0.3760889738678385,0.25613996367067465,3.031010712264448,1.3566273124165307
惠州市,Huizhou,2019,3,5,0,19.82826049608936,82.92795749264255,228.0024321030413,22.45893585898941,76.42955056497493,157.83870916745974,0.8938363119823186,0.8617557197087655,0.11357988030054235,0.15408556775671603,0.3220934938346538,3.031010712264448,1.3566273124165307
惠州市,Huizhou,2019,4,4,0,23.885341686190976,87.01263469566618,204.2636241094005,22.45893585898941,76.42955056497493,157.83870916745974,1.1901647606652048,1.1474486728162179,0.03767870123219349,0.05111595518797608,0.6421720015993435,3.031010712264448,1.3566273124165307
惠州市,Huizhou,2019,5,4,1,25.2651719596984,89.27611147355948,275.3157001225276,22.45893585898941,76.42955056497493,157.83870916745974,1.3294935219564614,1.2817767990660862,0.03997046256829929,0.054225021210077405,0.753669082846048,3.031010712264448,1.3566273124165307
惠州市,Huizhou,2019,6,5,5,28.19859600983844,88.333836252723,397.626008456477,22.45893585898941,76.42955056497493,157.83870916745974,1.5995155459999646,1.5421074888662893,1.5432196031559267,2.0935738626979297,0.9810661753192882,3.031010712264448,1.3566273124165307
惠州市,Huizhou,2019,7,4,8,28.56555664207255,88.14265127527253,298.71373101791266,22.45893585898941,76.42955056497493,157.83870916745974,1.5905751513501514,1.5334879730526574,8.220245306901807,11.151809298106798,1.0076836724940528,3.031010712264448,1.3566273124165307
惠州市,Huizhou,2019,8,4,13,28.905473459923574,85.56554975820335,278.9985077853387,22.45893585898941,76.42955056497493,157.83870916745974,1.598048284497113,1.5406928887035518,15.13260229043402,20.52930157513974,1.0318182022648617,3.031010712264448,1.3566273124165307
惠州市,Huizhou,2019,9,5,24,27.583411925245123,74.64717677452036,106.94033293376916,22.45893585898941,76.42955056497493,157.83870916745974,1.361323072584184,1.312463958383174,18.93427062894862,25.686748675917823,0.9352865624796807,3.031010712264448,1.3566273124165307
惠州市,Huizhou,2019,10,4,49,25.2044386639453,65.17505509136404,17.646406144866884,22.45893585898941,76.42955056497493,157.83870916745974,1.0855889840825503,1.0466262152756125,21.89554731416074,29.704097506698872,0.7487871475781854,3.031010712264448,1.3566273124165307
惠州市,Huizhou,2019,11,4,14,20.71598945855255,58.4099774898997,0.0894989630317693,22.45893585898941,76.42955056497493,157.83870916745974,0.738631310126607,0.7121211655028107,15.625184282021298,21.19755175853157,0.3896652392379213,3.031010712264448,1.3566273124165307
惠州市,Huizhou,2019,12,5,3,17.1779051898025,59.86762867892226,16.16662009010327,22.45893585898941,76.42955056497493,157.83870916745974,0.5373421382469417,0.518056443744031,2.0368185773024954,2.763203712405946,0.1349528375885317,3.031010712264448,1.3566273124165307
江门市,Jiangmen,2005,1,5,0,14.48348305775736,69.63229728218957,18.627298221391182,23.201858206493892,76.01252722022502,152.50978460442587,0.3562887117804334,0.3658674885604517,0.05787911767208414,0.10498302253214908,0.0,5.7879117672084135,1.813832462459665
江门市,Jiangmen,2005,2,4,0,15.360164526341524,79.35444926240108,52.65142673343657,23.201858206493892,76.01252722022502,152.50978460442587,0.4523435230385712,0.46450472122366476,0.057986754036336983,0.10517825686377202,0.023172286380490122,5.7879117672084135,1.813832462459665
江门市,Jiangmen,2005,3,4,0,18.538657219651448,78.70326576157495,93.19634079601248,23.201858206493892,76.01252722022502,152.50978460442587,0.6568948486697991,0.6745553832736277,0.059416729031676274,0.10777199193082404,0.2279444205352103,5.7879117672084135,1.813832462459665
江门市,Jiangmen,2005,4,4,0,23.522994564173278,81.61138789156537,131.3481430828856,23.201858206493892,76.01252722022502,152.50978460442587,0.9983917930889459,1.0252334296853216,0.06416207968279919,0.11637926298758489,0.6128323393281762,5.7879117672084135,1.813832462459665
江门市,Jiangmen,2005,5,5,0,27.9118324389943,84.17453643362381,396.1513827914374,23.201858206493892,76.01252722022502,152.50978460442587,1.411392589613017,1.4493377001872934,0.07179124077324613,0.13021728303477173,0.9598952058836365,5.7879117672084135,1.813832462459665
江门市,Jiangmen,2005,6,4,0,28.027902397606425,86.3393108769604,431.1984068111234,23.201858206493892,76.01252722022502,152.50978460442587,1.4405867320467887,1.4793167234337625,0.07220632202726517,0.1309701708878699,0.9685014796510235,5.7879117672084135,1.813832462459665
江门市,Jiangmen,2005,7,5,0,29.77013951039322,78.8278475462865,164.00458863487268,23.201858206493892,76.01252722022502,152.50978460442587,1.425674982566978,1.4640040734624575,0.07384575954655115,0.13394383588052516,1.090614579828657,5.7879117672084135,1.813832462459665
江门市,Jiangmen,2005,8,4,0,28.314359210321427,84.2518332926423,274.6942048366547,23.201858206493892,76.01252722022502,152.50978460442587,1.3965517794760003,1.4340978967540066,0.07206984303101138,0.1307226208540209,0.989522778817756,5.7879117672084135,1.813832462459665
江门市,Jiangmen,2005,9,4,0,28.207052363449478,80.23946791998864,164.7188604471964,23.201858206493892,76.01252722022502,152.50978460442587,1.3234216111490367,1.3590016331365449,0.0712202426422487,0.1291815880887648,0.9816857202278371,5.7879117672084135,1.813832462459665
江门市,Jiangmen,2005,10,5,0,25.15813420999486,66.764848549355,7.759144294204711,23.201858206493892,76.01252722022502,152.50978460442587,0.9688825342702024,0.9949308181898794,0.0652919750361509,0.11842870385867656,0.7450625941563748,5.7879117672084135,1.813832462459665
江门市,Jiangmen,2005,11,4,0,21.772582740165525,69.2084377324378,13.851919019355842,23.201858206493892,76.01252722022502,152.50978460442587,0.7774827418869662,0.7983852666894957,0.06165038090865449,0.11182346221512109,0.47236132653197505,5.7879117672084135,1.813832462459665
江门市,Jiangmen,2005,12,4,0,15.12015715019265,45.25821535138515,4.642842156906108,23.201858206493892,76.01252722022502,152.50978460442587,0.2555356931909505,0.2624057378582982,0.0579043525365306,0.10502879434846783,0.009616735004508081,5.7879117672084135,1.813832462459665
江门市,Jiangmen,2006,1,5,0,16.4746670215833,70.1315355507265,19.842098892746,23.201858206493892,76.01252722022502,152.50978460442587,0.47224171701405965,0.4849378756178099,0.05831499840054385,0.10577363714718986,0.08988382850161926,5.7879117672084135,1.813832462459665
江门市,Jiangmen,2006,2,4,0,17.07855456489365,70.05786916687858,53.38971552097313,23.201858206493892,76.01252722022502,152.50978460442587,0.5215096602145064,0.5355303812158959,0.05856703101731849,0.10623078208909438,0.12845458808004107,5.7879117672084135,1.813832462459665
江门市,Jiangmen,2006,3,4,0,19.6725365887694,83.77317758557555,91.2905127684784,23.201858206493892,76.01252722022502,152.50978460442587,0.7428010089335153,0.7627711197489578,0.06024717477515334,0.10927828137865418,0.3104544786447307,5.7879117672084135,1.813832462459665
江门市,Jiangmen,2006,4,5,0,24.76258518694466,83.47009202845068,239.96441212369817,23.201858206493892,76.01252722022502,152.50978460442587,1.1323135288803885,1.162755634340143,0.06617156439056272,0.12002413158334266,0.7131719231087189,5.7879117672084135,1.813832462459665
江门市,Jiangmen,2006,5,4,0,25.9387071873988,80.8714752802972,332.2211967645658,23.201858206493892,76.01252722022502,152.50978460442587,1.2353416796887988,1.2685536839020675,0.06812280957042344,0.12356336343279196,0.8075095306041545,5.7879117672084135,1.813832462459665
江门市,Jiangmen,2006,6,4,0,28.5284382852336,83.77820209692685,249.6306288297845,23.201858206493892,76.01252722022502,152.50978460442587,1.3995898842203562,1.4372176805586816,0.07232339887788601,0.13118252868012856,1.0050169435841496,5.7879117672084135,1.813832462459665
江门市,Jiangmen,2006,7,5,0,29.381954378622744,82.8995040760783,367.1725453468862,23.201858206493892,76.01252722022502,152.50978460442587,1.5026885080634869,1.5430880978139172,0.07430855495492364,0.1347832692157085,1.064711555102717,5.7879117672084135,1.813832462459665
江门市,Jiangmen,2006,8,4,0,29.17414135338468,82.43735215531403,139.9274651411396,23.201858206493892,76.01252722022502,152.50978460442587,1.3886719188251817,1.4260061870500573,0.07285941316860914,0.13215476880098445,1.050507047764944,5.7879117672084135,1.813832462459665
江门市,Jiangmen,2006,9,4,0,26.33473956677205,77.35438984222222,162.05731913337735,23.201858206493892,76.01252722022502,152.50978460442587,1.1806944330634974,1.2124372529895329,0.06804951610897925,0.12343042137313846,0.8388391573929076,5.7879117672084135,1.813832462459665
江门市,Jiangmen,2006,10,5,0,25.80574497792988,69.8358351804828,58.8021614055822,23.201858206493892,76.01252722022502,152.50978460442587,1.0569706231437017,1.0853871441486378,0.06652890312722771,0.12067228418399994,0.7969308925183871,5.7879117672084135,1.813832462459665
江门市,Jiangmen,2006,11,4,0,21.7240989194997,73.5276600920739,66.31839219455729,23.201858206493892,76.01252722022502,152.50978460442587,0.8211211784624609,0.8431969170917682,0.0618296836395853,0.11214868732909106,0.4685223448310118,5.7879117672084135,1.813832462459665
江门市,Jiangmen,2006,12,5,0,16.6384359993707,59.14957629399808,16.840751482887313,23.201858206493892,76.01252722022502,152.50978460442587,0.43097104647271106,0.4425576483388881,0.05832248578870782,0.10578721801490072,0.10018313281621848,5.7879117672084135,1.813832462459665
江门市,Jiangmen,2007,1,4,0,14.410146108872723,55.46781873208758,12.54042847702026,23.201858206493892,76.01252722022502,152.50978460442587,0.2876771741673939,0.29541133846994994,0.05787911767208414,0.10498302253214908,0.0,5.7879117672084135,1.813832462459665
江门市,Jiangmen,2007,2,4,0,20.175511723723176,80.89014961484659,50.36603993663783,23.201858206493892,76.01252722022502,152.50978460442587,0.745965894673715,0.766021093040453,0.060547071460098946,0.10982224372119256,0.34828724851756954,5.7879117672084135,1.813832462459665
江门市,Jiangmen,2007,3,4,0,19.785630348802776,82.956752586392,59.64458601642615,23.201858206493892,76.01252722022502,152.50978460442587,0.73313892208542,0.7528492689226983,0.06027995743462252,0.10933774363060515,0.3189004574546379,5.7879117672084135,1.813832462459665
江门市,Jiangmen,2007,4,5,0,22.08388394061972,79.14746512938503,197.39041672515825,23.201858206493892,76.01252722022502,152.50978460442587,0.9216111842241206,0.9463885838996159,0.06258357063507718,0.11351611203454041,0.49709527809477894,5.7879117672084135,1.813832462459665
江门市,Jiangmen,2007,5,4,0,27.560604061003023,79.77802662742238,229.1119356052777,23.201858206493892,76.01252722022502,152.50978460442587,1.3048504725134351,1.3399312117966098,0.07038823482216662,0.1276724652956796,0.9335641292592906,5.7879117672084135,1.813832462459665
江门市,Jiangmen,2007,6,4,0,28.67980529605573,84.73465793630375,320.1373605257029,23.201858206493892,76.01252722022502,152.50978460442587,1.4425066581799637,1.4812882665372644,0.07292684197353055,0.13227707335625577,1.0158538780991455,5.7879117672084135,1.813832462459665
江门市,Jiangmen,2007,7,5,0,30.18445092749012,78.38601405882669,103.84773362155936,23.201858206493892,76.01252722022502,152.50978460442587,1.4205423217467175,1.4587334217077126,0.07417724185311916,0.13454508924890926,1.1172791367154056,5.7879117672084135,1.813832462459665
江门市,Jiangmen,2007,8,4,0,28.447204455586025,83.65354033258723,245.0296711460687,23.201858206493892,76.01252722022502,152.50978460442587,1.3913432930922653,1.4287493808751404,0.07215461249409821,0.13087637845799308,0.999160175542475,5.7879117672084135,1.813832462459665
江门市,Jiangmen,2007,9,5,0,27.928377942820624,74.62475434126125,131.35524156604765,23.201858206493892,76.01252722022502,152.50978460442587,1.2605539079502524,1.2944437397192596,0.07032034025814468,0.12754931593143207,0.9611250148854523,5.7879117672084135,1.813832462459665
江门市,Jiangmen,2007,10,4,0,24.190437335801576,63.29139879273785,65.45049814064014,23.201858206493892,76.01252722022502,152.50978460442587,0.920862929516213,0.9456202124588884,0.06418531824345883,0.11642141384329018,0.6668851287534052,5.7879117672084135,1.813832462459665
江门市,Jiangmen,2007,11,4,0,19.70664759075285,53.76690978531658,4.126696249046358,23.201858206493892,76.01252722022502,152.50978460442587,0.5635344514620744,0.5786850036404768,0.05969039071983703,0.10826836838454154,0.31299809678119667,5.7879117672084135,1.813832462459665
江门市,Jiangmen,2007,12,5,0,17.37843220496954,61.16962113859636,9.33959833732601,23.201858206493892,76.01252722022502,152.50978460442587,0.4793621450597668,0.4922497354674807,0.058608609787275,0.10630619901179063,0.1481955321922274,5.7879117672084135,1.813832462459665
江门市,Jiangmen,2008,1,4,0,13.295860371146873,74.95795232595182,65.15126385776486,23.201858206493892,76.01252722022502,152.50978460442587,0.32376565265132157,0.3324700511159441,0.05787911767208414,0.10498302253214908,0.0,5.7879117672084135,1.813832462459665
江门市,Jiangmen,2008,2,4,0,12.496966765948248,62.04566517366267,21.90005872466214,23.201858206493892,76.01252722022502,152.50978460442587,0.2182209633582174,0.22408780625167699,0.05787911767208414,0.10498302253214908,0.0,5.7879117672084135,1.813832462459665
江门市,Jiangmen,2008,3,5,0,20.34231830685598,75.3698343907314,74.826057117977,23.201858206493892,76.01252722022502,152.50978460442587,0.7473464287092011,0.7674387425582037,0.06064943167365317,0.11000790799940152,0.3609817758658345,5.7879117672084135,1.813832462459665
江门市,Jiangmen,2008,4,4,0,24.73040446028715,81.24958735847635,174.2109413253396,23.201858206493892,76.01252722022502,152.50978460442587,1.0952118979158667,1.1246565307377487,0.06587061714264932,0.11947826369558942,0.7105724505350032,5.7879117672084135,1.813832462459665
江门市,Jiangmen,2008,5,4,0,25.995318792880624,81.2383132480971,204.1524613554572,23.201858206493892,76.01252722022502,152.50978460442587,1.193076196308285,1.225151898367106,0.06782741227501429,0.12302756222905607,0.8120049943349344,5.7879117672084135,1.813832462459665
江门市,Jiangmen,2008,6,5,0,27.567901019133103,85.94882751458948,633.1179911024359,23.201858206493892,76.01252722022502,152.50978460442587,1.463312548035698,1.5026535201001503,0.07191563520677066,0.1304429136964478,0.9341153730336322,5.7879117672084135,1.813832462459665
江门市,Jiangmen,2008,7,4,0,28.923415429811275,81.61350342032202,218.08868741735415,23.201858206493892,76.01252722022502,152.50978460442587,1.4044469383689944,1.4422053159914299,0.07277821258800479,0.13200748455191372,1.033077242935997,5.7879117672084135,1.813832462459665
江门市,Jiangmen,2008,8,5,0,28.58137948222128,82.18701650216835,397.3108606507488,23.201858206493892,76.01252722022502,152.50978460442587,1.4514450401944776,1.4904669558173769,0.0729152259924584,0.13225600391270378,1.0088186297379809,5.7879117672084135,1.813832462459665
江门市,Jiangmen,2008,9,4,0,28.3606235020502,74.95053725418047,134.0091736860656,23.201858206493892,76.01252722022502,152.50978460442587,1.293016054965059,1.3277786274350025,0.07106246342271569,0.12889540301847427,0.992887329124967,5.7879117672084135,1.813832462459665
江门市,Jiangmen,2008,10,4,0,26.076301225078325,74.8489862196552,79.67244034564969,23.201858206493892,76.01252722022502,152.50978460442587,1.111456178946281,1.1413375372012105,0.06722012431920563,0.12192604362074955,0.8184263062115282,5.7879117672084135,1.813832462459665
江门市,Jiangmen,2008,11,5,0,19.47371713776828,53.64471688526668,36.01520908012384,23.201858206493892,76.01252722022502,152.50978460442587,0.5649513231919471,0.580139967786914,0.059594568484817596,0.10809456290403784,0.295696023026558,5.7879117672084135,1.813832462459665
江门市,Jiangmen,2008,12,4,0,15.909657615134575,49.75497499456563,7.913194050025922,23.201858206493892,76.01252722022502,152.50978460442587,0.33108622603919047,0.3399874371898892,0.058067161282921664,0.10532410213784432,0.05530898800019458,5.7879117672084135,1.813832462459665
江门市,Jiangmen,2009,1,4,0,13.646820005647175,54.624722088277,3.829526796607954,23.201858206493892,76.01252722022502,152.50978460442587,0.23879083951683996,0.24521070091916966,0.05787911767208414,0.10498302253214908,0.0,5.7879117672084135,1.813832462459665
江门市,Jiangmen,2009,2,4,0,21.459984309985376,77.73408089677756,9.700280464706422,23.201858206493892,76.01252722022502,152.50978460442587,0.7923045866155558,0.8136055948317579,0.06152144947123498,0.11158960218849799,0.44767782108283355,5.7879117672084135,1.813832462459665
江门市,Jiangmen,2009,3,5,0,19.3577146324952,80.46418417964908,168.3705859022519,23.201858206493892,76.01252722022502,152.50978460442587,0.7419715946846691,0.7619194068033379,0.06006688841285427,0.10895127212217737,0.287139390496563,5.7879117672084135,1.813832462459665
江门市,Jiangmen,2009,4,4,0,23.0938713447563,76.81946107998837,122.72804106739052,23.201858206493892,76.01252722022502,152.50978460442587,0.9474715054151895,0.9729441565425508,0.06350417245723602,0.11518592950457164,0.5781477536327525,5.7879117672084135,1.813832462459665
江门市,Jiangmen,2009,5,5,0,26.30996699846128,79.02181610753898,308.4546472567939,23.201858206493892,76.01252722022502,152.50978460442587,1.2446515772311952,1.2781138768578602,0.06857549943669695,0.1243844670076654,0.8368880080473747,5.7879117672084135,1.813832462459665
江门市,Jiangmen,2009,6,4,0,28.5471142937931,84.26146134170948,299.3677932027813,23.201858206493892,76.01252722022502,152.50978460442587,1.4229478901599044,1.461203663522265,0.07258407877556675,0.13165535834085254,1.0063594467068309,5.7879117672084135,1.813832462459665
江门市,Jiangmen,2009,7,4,0,29.5179888159008,80.76743042947648,257.02538976120053,23.201858206493892,76.01252722022502,152.50978460442587,1.4596558657585235,1.4988985283842247,0.0739755640923509,0.1341792795794716,1.0738849972464994,5.7879117672084135,1.813832462459665
江门市,Jiangmen,2009,8,5,0,29.63422125785548,79.98781109203408,240.08794851519025,23.201858206493892,76.01252722022502,152.50978460442587,1.4569727466354367,1.496143273944176,0.07406202983023932,0.13433611394174416,1.0816418748114496,5.7879117672084135,1.813832462459665
江门市,Jiangmen,2009,9,4,0,28.664215649942125,76.71886870124148,182.7156790551383,23.201858206493892,76.01252722022502,152.50978460442587,1.346514332476828,1.3827151993452664,0.0719101155297217,0.13043290192703408,1.0147424331692758,5.7879117672084135,1.813832462459665
江门市,Jiangmen,2009,10,4,0,25.56396101530295,66.13232346341653,39.484475903930594,23.201858206493892,76.01252722022502,152.50978460442587,1.009810190572505,1.0369588093354891,0.06594279225622121,0.11960917725956784,0.7776272800367545,5.7879117672084135,1.813832462459665
江门市,Jiangmen,2009,11,5,0,18.43032504176906,63.3457258045252,28.916360512161308,23.201858206493892,76.01252722022502,152.50978460442587,0.5593742144902988,0.5744129192259195,0.05914446282997119,0.10727814665574077,0.22028494059503947,5.7879117672084135,1.813832462459665
江门市,Jiangmen,2009,12,4,0,16.022128502186476,74.90233871479153,62.97570905040725,23.201858206493892,76.01252722022502,152.50978460442587,0.4812590484308823,0.49419763684488827,0.058185868418545304,0.10553941699396407,0.06207045999239408,5.7879117672084135,1.813832462459665
江门市,Jiangmen,2010,1,5,0,16.490394613420783,80.54015909395562,58.05325056640612,23.201858206493892,76.01252722022502,152.50978460442587,0.524963785519601,0.5390773702412649,0.05836896443686033,0.10587152249573098,0.09086761786289703,5.7879117672084135,1.813832462459665
江门市,Jiangmen,2010,2,4,0,18.79974840743228,84.5190551475931,89.80633246017469,23.201858206493892,76.01252722022502,152.50978460442587,0.6902882998941531,0.7088466131943487,0.05962693931393165,0.10815327816472164,0.24657261660193625,5.7879117672084135,1.813832462459665
江门市,Jiangmen,2010,3,4,0,18.966969656393623,75.89534648135297,39.73477825893385,23.201858206493892,76.01252722022502,152.50978460442587,0.6496282766977048,0.6670934504366641,0.05960438623556636,0.10811237065905428,0.2586247192732741,5.7879117672084135,1.813832462459665
江门市,Jiangmen,2010,4,4,0,21.460246421180123,84.79176665525205,178.5313807255171,23.201858206493892,76.01252722022502,152.50978460442587,0.894684225630454,0.9187376974429401,0.0619922920844885,0.11244363180512656,0.4476984479740274,5.7879117672084135,1.813832462459665
江门市,Jiangmen,2010,5,5,0,26.388346682353564,84.6304834495206,379.4475609290311,23.201858206493892,76.01252722022502,152.50978460442587,1.2985674029564542,1.3334792227123196,0.06912110994353907,0.12537411305683469,0.8430571755432773,5.7879117672084135,1.813832462459665
江门市,Jiangmen,2010,6,4,0,28.319102558852023,85.16694911513888,286.8061722157671,23.201858206493892,76.01252722022502,152.50978460442587,1.405586243716593,1.4433752514186466,0.072166629397097,0.1308981751067505,0.9898681379613604,5.7879117672084135,1.813832462459665
江门市,Jiangmen,2010,7,4,0,29.6144595935154,81.75068448911719,203.60212819545777,23.201858206493892,76.01252722022502,152.50978460442587,1.4477240658305888,1.4866459435301485,0.07393977663407562,0.134114367125903,1.080328442147717,5.7879117672084135,1.813832462459665
江门市,Jiangmen,2010,8,5,1,28.92302167733108,81.4885643739046,306.4793336222221,23.201858206493892,76.01252722022502,152.50978460442587,1.4401732510859766,1.4788921260898167,0.0731568072890551,0.13269419191079398,1.0330496286679884,5.7879117672084135,1.813832462459665
江门市,Jiangmen,2010,9,4,0,28.035646398639926,82.79071674409695,407.4162582916648,23.201858206493892,76.01252722022502,152.50978460442587,1.4179585328171553,1.45608016794083,1.4689284161751603,2.6643900462879664,0.9690739078594581,5.7879117672084135,1.813832462459665
江门市,Jiangmen,2010,10,5,0,23.24958226605568,65.99390893139166,74.2488355795287,23.201858206493892,76.01252722022502,152.50978460442587,0.8826655025414577,0.9063958525096534,0.21850757281395788,0.3963361288632258,0.59072223501877,5.7879117672084135,1.813832462459665
江门市,Jiangmen,2010,11,4,0,20.6837472878767,60.1324997514276,0.4294402849960302,23.201858206493892,76.01252722022502,152.50978460442587,0.6577191257749578,0.6754018209641044,0.06049412126362268,0.1097262009359303,0.38717745649630375,5.7879117672084135,1.813832462459665
江门市,Jiangmen,2010,12,4,0,15.943443279626925,59.35946213704703,22.7203370959472,23.201858206493892,76.01252722022502,152.50978460442587,0.395984246197734,0.4066302323806176,0.05811225368299973,0.10540589219691612,0.057333663940994116,5.7879117672084135,1.813832462459665
江门市,Jiangmen,2011,1,5,0,11.551707729128704,60.69810649364258,12.87253816797256,23.201858206493892,76.01252722022502,152.50978460442587,0.15806122320356644,0.16231067912115008,0.05787911767208414,0.10498302253214908,0.0,5.7879117672084135,1.813832462459665
江门市,Jiangmen,2011,2,4,0,16.08357770812,76.0792390154006,35.26803060316078,23.201858206493892,76.01252722022502,152.50978460442587,0.47739781983696333,0.4902325996104627,0.05820164357255361,0.10556803048040465,0.06579038210142481,5.7879117672084135,1.813832462459665
江门市,Jiangmen,2011,3,4,0,17.2739100062183,67.58230481416994,20.322291955718853,23.201858206493892,76.01252722022502,152.50978460442587,0.5082109339697067,0.5218741204044777,0.058616379446130254,0.10632029187124453,0.14127195528965952,5.7879117672084135,1.813832462459665
江门市,Jiangmen,2011,4,4,0,23.9584691825948,72.89507231404232,65.37347394306177,23.201858206493892,76.01252722022502,152.50978460442587,0.9579567203860344,0.9837112651866315,0.06425450706090846,0.11654691076641951,0.6480955961823582,5.7879117672084135,1.813832462459665
江门市,Jiangmen,2011,5,5,0,26.34176238746376,79.39813214868718,170.3278079345705,23.201858206493892,76.01252722022502,152.50978460442587,1.1941731964048918,1.2262783911720294,0.06817240124458569,0.12365331442125518,0.8393920700717582,5.7879117672084135,1.813832462459665
江门市,Jiangmen,2011,6,4,0,28.969462836327,82.34371449590388,281.2422078709418,23.201858206493892,76.01252722022502,152.50978460442587,1.4376002661189806,1.476249966748662,0.07317751763809516,0.1327317570141917,1.0363014604975525,5.7879117672084135,1.813832462459665
江门市,Jiangmen,2011,7,5,0,29.3336610741532,81.63068535205863,312.4544632434838,23.201858206493892,76.01252722022502,152.50978460442587,1.4728044483339688,1.512400608932801,0.07393220422119284,0.13410063203759703,1.061430844069567,5.7879117672084135,1.813832462459665
江门市,Jiangmen,2011,8,4,0,29.354118862667423,78.46327993694875,131.2429511895051,23.201858206493892,76.01252722022502,152.50978460442587,1.3779891839316845,1.4150362481852818,0.07291843596512317,0.13226182626532673,1.062822122919201,5.7879117672084135,1.813832462459665
江门市,Jiangmen,2011,9,4,0,27.6069914544618,76.06038451859325,144.8334497862262,23.201858206493892,76.01252722022502,152.50978460442587,1.2526227090241304,1.2862993115169936,0.06993258470555035,0.1268459923226375,0.9370654967739186,5.7879117672084135,1.813832462459665
江门市,Jiangmen,2011,10,5,0,24.18556726557424,71.28245355879882,118.64874335039164,23.201858206493892,76.01252722022502,152.50978460442587,0.9903194827724242,1.0169440963308412,0.06465695554978887,0.11727688490001864,0.6664907050603214,5.7879117672084135,1.813832462459665
江门市,Jiangmen,2011,11,4,0,21.1023107169584,69.31417317706128,69.26446323860168,23.201858206493892,76.01252722022502,152.50978460442587,0.7652913801716872,0.7858661417623778,0.061176999994729815,0.11096482854633569,0.41964937123386814,5.7879117672084135,1.813832462459665
江门市,Jiangmen,2011,12,4,0,15.50478190815085,48.100265556826926,0.8808247969436708,23.201858206493892,76.01252722022502,152.50978460442587,0.29516474108720864,0.3031002076757449,0.05797454345288762,0.10515610891112599,0.03148324494240109,5.7879117672084135,1.813832462459665
江门市,Jiangmen,2012,1,5,0,12.941132839725071,77.97166330862846,63.80045898281087,23.201858206493892,76.01252722022502,152.50978460442587,0.3115158355161745,0.3198908992024167,0.05787911767208414,0.10498302253214908,0.0,5.7879117672084135,1.813832462459665
江门市,Jiangmen,2012,2,4,0,15.42616029132075,81.98859608423174,80.18368523086548,23.201858206493892,76.01252722022502,152.50978460442587,0.47442094289314113,0.48717568970796504,0.058010420072107605,0.1052211830877105,0.02695175535178525,5.7879117672084135,1.813832462459665
江门市,Jiangmen,2012,3,4,1,19.119452911446523,80.1062646073257,57.24191195070075,23.201858206493892,76.01252722022502,152.50978460442587,0.6817370700199962,0.7000654845907321,0.059767156070028186,0.10840760786871033,0.2696945413682007,5.7879117672084135,1.813832462459665
江门市,Jiangmen,2012,4,5,0,25.05560222094994,85.7294971619226,441.8818214787094,23.201858206493892,76.01252722022502,152.50978460442587,1.2277683158179076,1.2607767111050596,0.986829746090968,1.7899438283806264,0.7368082073824689,5.7879117672084135,1.813832462459665
江门市,Jiangmen,2012,5,4,0,27.624941308267147,83.05859782268877,236.7699406193161,23.201858206493892,76.01252722022502,152.50978460442587,1.3271951066918783,1.362876578627954,0.4415636910971578,0.8009225571555366,0.9384184878803422,5.7879117672084135,1.813832462459665
江门市,Jiangmen,2012,6,4,0,28.49007396791735,83.99363663258544,308.75457741409247,23.201858206493892,76.01252722022502,152.50978460442587,1.4212641323624913,1.4594746381102468,0.07250676743840759,0.1315151285277971,1.0022544677627006,5.7879117672084135,1.813832462459665
江门市,Jiangmen,2012,7,5,0,29.2204860879629,81.79614426555138,267.24576415643673,23.201858206493892,76.01252722022502,152.50978460442587,1.4474217137565981,1.4863354627590366,0.073540549809157,0.1333902365509809,1.0536943058602029,5.7879117672084135,1.813832462459665
江门市,Jiangmen,2012,8,4,0,29.019387052291474,81.14607060227775,169.44320843541522,23.201858206493892,76.01252722022502,152.50978460442587,1.3866306623613127,1.4239100516653254,0.07268472835589687,0.13183791981698825,1.0397855304481431,5.7879117672084135,1.813832462459665
江门市,Jiangmen,2012,9,5,0,26.903787368671,73.09870792465026,117.22680048767062,23.201858206493892,76.01252722022502,152.50978460442587,1.1766914674058986,1.2083266681084661,0.06855217474290108,0.12434215992088152,0.8832923540059512,5.7879117672084135,1.813832462459665
江门市,Jiangmen,2012,10,4,1,24.305953811868022,69.01765130802715,110.9039055055232,23.201858206493892,76.01252722022502,152.50978460442587,0.9827842136264319,1.0092062424305743,0.06470376809157904,0.11736179500796791,0.6762394179269448,5.7879117672084135,1.813832462459665
江门市,Jiangmen,2012,11,4,2,20.542779029049,80.0052134452925,113.0416437815052,23.201858206493892,76.01252722022502,152.50978460442587,0.7936590804995725,0.814996504111873,0.3645854583836147,0.6612969397569376,0.37632841265467515,5.7879117672084135,1.813832462459665
江门市,Jiangmen,2012,12,5,0,15.33209830847954,73.46536212839881,47.57115492755892,23.201858206493892,76.01252722022502,152.50978460442587,0.43004377904599944,0.44160545144513985,0.07978937301262143,0.14472455492959585,0.021571739984124892,5.7879117672084135,1.813832462459665
江门市,Jiangmen,2013,1,4,0,15.8690265344236,71.31364008955092,6.824140038414012,23.201858206493892,76.01252722022502,152.50978460442587,0.4359306129009947,0.44765055208090476,0.07208256180186629,0.1307456905734801,0.05288144239503115,5.7879117672084135,1.813832462459665
江门市,Jiangmen,2013,2,4,0,18.345301554932725,79.9497304017125,23.586122386093137,23.201858206493892,76.01252722022502,152.50978460442587,0.618520446220044,0.6351492898862173,0.05924026040043696,0.10745190739887633,0.21430280251067557,5.7879117672084135,1.813832462459665
江门市,Jiangmen,2013,3,5,0,20.99497700490118,79.86823736964334,290.3401522422907,23.201858206493892,76.01252722022502,152.50978460442587,0.8845491769969824,0.9083301693137541,0.06161496266538207,0.11175921945571028,0.4112871199819744,5.7879117672084135,1.813832462459665
江门市,Jiangmen,2013,4,4,0,22.0545953256404,82.94498722043019,149.5595051818083,23.201858206493892,76.01252722022502,152.50978460442587,0.915500952883813,0.9401140797655096,0.06253044712846968,0.11341975489373604,0.49476223753033455,5.7879117672084135,1.813832462459665
江门市,Jiangmen,2013,5,4,0,27.296912339663372,87.0943888669092,293.6333931237027,23.201858206493892,76.01252722022502,152.50978460442587,1.3430730627202527,1.3791814114882064,0.07047837963371263,0.1278359728811841,0.91353188613768,5.7879117672084135,1.813832462459665
江门市,Jiangmen,2013,6,5,1,28.65732153115652,83.00034426953582,272.517423951073,23.201858206493892,76.01252722022502,152.50978460442587,1.4146996838818353,1.4527337052656437,0.07261347768725501,0.1317086830412337,1.0142505788751266,5.7879117672084135,1.813832462459665
江门市,Jiangmen,2013,7,4,0,28.12688001206135,85.77985089580993,280.4500041701526,23.201858206493892,76.01252722022502,152.50978460442587,1.3918987517771189,1.4293197729962124,1.4526104678460712,2.6347920218879253,0.9758007805701034,5.7879117672084135,1.813832462459665
江门市,Jiangmen,2013,8,4,4,28.654428865123776,84.8276926389932,331.0672135600717,23.201858206493892,76.01252722022502,152.50978460442587,1.4451589570566556,1.484011872132507,0.5093351810209771,0.923848685608618,1.0140441412600383,5.7879117672084135,1.813832462459665
江门市,Jiangmen,2013,9,5,45,27.50795687422368,76.27569035804979,229.2224085679631,23.201858206493892,76.01252722022502,152.50978460442587,1.2843352312873921,1.3188644209149225,4.961848974283041,8.99996274337677,0.9295818771896536,5.7879117672084135,1.813832462459665
江门市,Jiangmen,2013,10,4,146,24.783738414420377,60.2149924754837,11.87770683624266,23.201858206493892,76.01252722022502,152.50978460442587,0.9079589125939539,0.9323692726800329,30.851676187134505,55.959771789518385,0.7148802771942661,5.7879117672084135,1.813832462459665
江门市,Jiangmen,2013,11,4,43,20.24775149259315,64.27749973834395,76.42138365550258,23.201858206493892,76.01252722022502,152.50978460442587,0.6919168553663255,0.710518952173621,40.15055842067405,72.82638624930185,0.3537762923162189,5.7879117672084135,1.813832462459665
江门市,Jiangmen,2013,12,5,0,13.90708822305346,52.45988383380184,113.37845709670998,23.201858206493892,76.01252722022502,152.50978460442587,0.2781421500216166,0.2856199664106278,0.05787911767208414,0.10498302253214908,0.0,5.7879117672084135,1.813832462459665
江门市,Jiangmen,2014,1,4,0,14.9743116626369,60.045594265140224,3.160304927520742,23.201858206493892,76.01252722022502,152.50978460442587,0.3374631660086151,0.3465358203807436,0.0647027860707778,0.1173600137867598,0.001526441168342164,5.7879117672084135,1.813832462459665
江门市,Jiangmen,2014,2,4,0,14.300832913206918,77.2342056724527,51.2434154106317,23.201858206493892,76.01252722022502,152.50978460442587,0.38362362716078474,0.39393729967022606,0.05787911767208414,0.10498302253214908,0.0,5.7879117672084135,1.813832462459665
江门市,Jiangmen,2014,3,5,0,19.08748778198124,82.78444667775997,234.8388709630064,23.201858206493892,76.01252722022502,152.50978460442587,0.7547054293184631,0.77499558896451,0.05995120599708236,0.10874144360111453,0.2673677572496627,5.7879117672084135,1.813832462459665
江门市,Jiangmen,2014,4,4,1,24.145655554919024,83.92974886013343,107.1169052121498,23.201858206493892,76.01252722022502,152.50978460442587,1.036858379888103,1.0647341857866635,0.06494105394997453,0.11779219180080824,0.6632581513922919,5.7879117672084135,1.813832462459665
江门市,Jiangmen,2014,5,4,0,26.76114210401255,86.9006756025552,356.457522144623,23.201858206493892,76.01252722022502,152.50978460442587,1.3265984291539197,1.3622638594901444,1.246072176915801,2.2601661650576625,0.8722194683256318,5.7879117672084135,1.813832462459665
江门市,Jiangmen,2014,6,5,0,29.46192482161278,81.97085788059746,229.4336311349111,23.201858206493892,76.01252722022502,152.50978460442587,1.4494855846988768,1.4884548206095591,0.5357251750368317,0.9717157134386915,1.0701165861141329,5.7879117672084135,1.813832462459665
江门市,Jiangmen,2014,7,4,0,29.75579562952345,80.78182254319881,175.40607323253658,23.201858206493892,76.01252722022502,152.50978460442587,1.4398242378034087,1.4785337296294594,0.07399029665937895,0.13420600198780244,1.0896727389054888,5.7879117672084135,1.813832462459665
江门市,Jiangmen,2014,8,5,45,28.98038191845064,81.78571117524316,233.4108264120864,23.201858206493892,76.01252722022502,152.50978460442587,1.4159682634613868,1.4540363904461262,0.0729584130188367,0.13233433794310584,1.0370645085523578,5.7879117672084135,1.813832462459665
江门市,Jiangmen,2014,9,4,295,28.3326654884793,78.62116507659391,128.02120571495033,23.201858206493892,76.01252722022502,152.50978460442587,1.3064001167432666,1.3415225180148098,59.87433075341762,108.60200478859592,0.9908551388025757,5.7879117672084135,1.813832462459665
江门市,Jiangmen,2014,10,4,217,25.097565742977125,63.82517340544797,5.830007534522999,23.201858206493892,76.01252722022502,152.50978460442587,0.9466182852579522,0.9720679976697153,222.02755412820125,402.7207852382518,0.7401876459378257,5.7879117672084135,1.813832462459665
江门市,Jiangmen,2014,11,5,38,20.41917752690572,72.32939585908505,54.31814290549247,23.201858206493892,76.01252722022502,152.50978460442587,0.7302090962407054,0.7498406750821339,84.09553173808115,152.53520541433863,0.36685437557282735,5.7879117672084135,1.813832462459665
江门市,Jiangmen,2014,12,4,1,14.061748864094774,54.00367671828255,26.41628683727252,23.201858206493892,76.01252722022502,152.50978460442587,0.2664251619568748,0.2735879686094129,0.05787911767208414,0.10498302253214908,0.0,5.7879117672084135,1.813832462459665
江门市,Jiangmen,2015,1,4,0,15.582513167435774,66.88048241957362,47.889225912742525,23.201858206493892,76.01252722022502,152.50978460442587,0.42012250144663255,0.43141744155716905,0.2504326110872886,0.45424279964866027,0.03599415794928282,5.7879117672084135,1.813832462459665
江门市,Jiangmen,2015,2,4,0,17.908006083025377,74.1362119163649,29.06069442569726,23.201858206493892,76.01252722022502,152.50978460442587,0.575067988724612,0.5905286185879621,0.09046846783709811,0.16409464379191666,0.18395580467626757,5.7879117672084135,1.813832462459665
江门市,Jiangmen,2015,3,5,0,20.99400217397528,83.68711052625856,46.15771037181858,23.201858206493892,76.01252722022502,152.50978460442587,0.8040886358407369,0.8257064567241961,0.06127451576452817,0.1111417058151977,0.4112112803276976,5.7879117672084135,1.813832462459665
江门市,Jiangmen,2015,4,4,0,23.387678112584425,75.1157551880028,73.81023819644919,23.201858206493892,76.01252722022502,152.50978460442587,0.9360928847538853,0.9612596231094541,0.06366479960295211,0.11547728023582372,0.6018854627590219,5.7879117672084135,1.813832462459665
江门市,Jiangmen,2015,5,5,1,27.795154846681537,86.9558830854857,548.3595645549779,23.201858206493892,76.01252722022502,152.50978460442587,1.461426284418561,1.500716544525156,0.0721538582957322,0.13087501046851366,0.9511949925337003,5.7879117672084135,1.813832462459665
江门市,Jiangmen,2015,6,4,0,30.157273584933577,81.67243730443647,106.04311992832272,23.201858206493892,76.01252722022502,152.50978460442587,1.435850016370003,1.4744526617574036,1.7027239727183634,3.0884560163248524,1.115563013793732,5.7879117672084135,1.813832462459665
江门市,Jiangmen,2015,7,4,0,28.822513149732675,81.25155051682961,266.48433867103563,23.201858206493892,76.01252722022502,152.50978460442587,1.4160535871473765,1.4541240080485804,0.5054483750276106,0.9167986707225672,1.0259768192126426,5.7879117672084135,1.813832462459665
江门市,Jiangmen,2015,8,5,0,29.14480682869248,81.19546295962627,282.8003898581319,23.201858206493892,76.01252722022502,152.50978460442587,1.4454578233339974,1.4843187733917698,0.07344196195229183,0.1332114146957945,1.0484839617466752,5.7879117672084135,1.813832462459665
江门市,Jiangmen,2015,9,4,2,28.3414419428889,78.70551805714308,101.8552150493239,23.201858206493892,76.01252722022502,152.50978460442587,1.2935782240168672,1.3283559103303928,0.07104967910583464,0.12887221440950505,0.9914934191450753,5.7879117672084135,1.813832462459665
江门市,Jiangmen,2015,10,4,1,24.8303552088483,72.44111973903158,168.2561086210246,23.201858206493892,76.01252722022502,152.50978460442587,1.0595374233789094,1.0880229524822753,1.6216816211387428,2.9414587681956674,0.7186440781873736,5.7879117672084135,1.813832462459665
江门市,Jiangmen,2015,11,5,2,21.98365715742888,75.40419378936429,38.6727519544219,23.201858206493892,76.01252722022502,152.50978460442587,0.8312683768259953,0.8536169215949672,0.7259080906648528,1.3166756596100238,0.4891164848751542,5.7879117672084135,1.813832462459665
江门市,Jiangmen,2015,12,4,2,15.997711236694077,74.03682651571978,114.64690922654805,23.201858206493892,76.01252722022502,152.50978460442587,0.4958085847412889,0.5091383355917182,0.1288397268513689,0.23369367901744909,0.06059735953244518,5.7879117672084135,1.813832462459665
江门市,Jiangmen,2016,1,5,0,13.77133265389734,78.17487016972166,248.0983715015033,23.201858206493892,76.01252722022502,152.50978460442587,0.41439421694745593,0.42553515285652377,0.05787911767208414,0.10498302253214908,0.0,5.7879117672084135,1.813832462459665
江门市,Jiangmen,2016,2,4,0,15.4232158621092,70.14558766032332,26.06072997806543,23.201858206493892,76.01252722022502,152.50978460442587,0.41471284908215883,0.425862351375713,0.06472255327723674,0.11739586818752716,0.026782658696507023,5.7879117672084135,1.813832462459665
江门市,Jiangmen,2016,3,4,0,18.114773535723277,81.80316978545115,157.95614165054295,23.201858206493892,76.01252722022502,152.50978460442587,0.6651486405753568,0.6830310773266237,0.05923299278139598,0.10743872515553503,0.19821574072601442,5.7879117672084135,1.813832462459665
江门市,Jiangmen,2016,4,4,0,24.903291033605548,87.52086350157211,265.0493368547989,23.201858206493892,76.01252722022502,152.50978460442587,1.1664901101293963,1.1978510486368006,0.06655790653665589,0.12072489150954277,0.7245298882902454,5.7879117672084135,1.813832462459665
江门市,Jiangmen,2016,5,5,0,27.539746828658384,82.92251311988785,212.5327698446974,23.201858206493892,76.01252722022502,152.50978460442587,1.3104576054926609,1.3456890918340725,0.07042077233072336,0.12773148288494737,0.931987539673513,5.7879117672084135,1.813832462459665
江门市,Jiangmen,2016,6,4,0,29.10115277266065,84.67223867848793,321.6119372225953,23.201858206493892,76.01252722022502,152.50978460442587,1.4733657880339794,1.5129770401793758,0.07369676702389456,0.13367358840626692,1.0454652603277519,5.7879117672084135,1.813832462459665
江门市,Jiangmen,2016,7,5,1,29.68882012525462,81.76223850606677,369.1271522221,23.201858206493892,76.01252722022502,152.50978460442587,1.5205029554920673,1.5613814843998035,0.0748241523456642,0.1357184765005932,1.0852591018199338,5.7879117672084135,1.813832462459665
江门市,Jiangmen,2016,8,4,0,28.704266704074648,85.02324577517815,281.8424905487444,23.201858206493892,76.01252722022502,152.50978460442587,1.430691491265861,1.4691554503607889,1.552885277292178,2.8166737264282307,1.0175956256044631,5.7879117672084135,1.813832462459665
江门市,Jiangmen,2016,9,4,0,27.82628256129885,78.19666134516022,185.548103898888,23.201858206493892,76.01252722022502,152.50978460442587,1.2970383456437151,1.3319090568878642,0.4388800007014616,0.7960547923966316,0.953520765448314,5.7879117672084135,1.813832462459665
江门市,Jiangmen,2016,10,5,0,25.7439807118573,76.49996069905814,148.9978399772641,23.201858206493892,76.01252722022502,152.50978460442587,1.1312326183686312,1.161645663686515,0.06707944005682107,0.12167086593867923,0.7920076381587348,5.7879117672084135,1.813832462459665
江门市,Jiangmen,2016,11,4,0,20.063344954361227,78.58341984977967,73.34305426254286,23.201858206493892,76.01252722022502,152.50978460442587,0.7416188556780906,0.7615571844533531,0.060466821499205264,0.10967668373701249,0.33979113846566705,5.7879117672084135,1.813832462459665
江门市,Jiangmen,2016,12,4,0,18.21363341356873,62.559390924958926,4.503301677436832,23.201858206493892,76.01252722022502,152.50978460442587,0.5313004470205857,0.5455843920821692,0.058998059732586774,0.10701259596510027,0.20509055551100025,5.7879117672084135,1.813832462459665
江门市,Jiangmen,2017,1,5,1,17.18542950566808,73.9863000839246,44.40120560371376,23.201858206493892,76.01252722022502,152.50978460442587,0.5388097851141035,0.5532956177769082,0.05862853827734578,0.10634234595400882,0.13544669091592323,5.7879117672084135,1.813832462459665
江门市,Jiangmen,2017,2,4,0,16.442590916772925,68.16996116985703,21.16249431419364,23.201858206493892,76.01252722022502,152.50978460442587,0.4632841498095883,0.4757394853563439,0.09968754594000087,0.18081650692891274,0.08788092969958315,5.7879117672084135,1.813832462459665
江门市,Jiangmen,2017,3,4,0,19.613341874680376,82.22892766772217,78.2935392723846,23.201858206493892,76.01252722022502,152.50978460442587,0.728526546770109,0.7481128904826455,0.12656673165357907,0.22957084654068294,0.3060483466926187,5.7879117672084135,1.813832462459665
江门市,Jiangmen,2017,4,5,0,23.8755659441094,80.31862164820055,155.32512040172574,23.201858206493892,76.01252722022502,152.50978460442587,1.0267874076065484,1.0543924566939804,0.06464178164571632,0.1172493619802296,0.6413801550550106,5.7879117672084135,1.813832462459665
江门市,Jiangmen,2017,5,4,0,26.661479289345024,81.53397671665098,178.5409653364559,23.201858206493892,76.01252722022502,152.50978460442587,1.2289441445139664,1.2619841518063228,0.06878838888443946,0.12477061279889587,0.8644538995787305,5.7879117672084135,1.813832462459665
江门市,Jiangmen,2017,6,4,0,28.979345307712777,85.02327715668784,321.3448012083819,23.201858206493892,76.01252722022502,152.50978460442587,1.4659478781464237,1.5053597007263082,0.0734895787381172,0.13329778356768257,1.0369920928865912,5.7879117672084135,1.813832462459665
江门市,Jiangmen,2017,7,5,0,28.64997905063108,84.77024144116885,346.1628702016837,23.201858206493892,76.01252722022502,152.50978460442587,1.4501281365240668,1.4891146473589878,0.07297466752181136,0.13236382088826243,1.0137265036308563,5.7879117672084135,1.813832462459665
江门市,Jiangmen,2017,8,4,0,29.614855751236327,80.5107494701825,213.88504961822537,23.201858206493892,76.01252722022502,152.50978460442587,1.446548462276174,1.4854387340234336,0.07392712624792266,0.1340914214448361,1.0803547940594744,5.7879117672084135,1.813832462459665
江门市,Jiangmen,2017,9,4,2,28.9902842733023,82.74559502201865,185.1452578732305,23.201858206493892,76.01252722022502,152.50978460442587,1.3993520666833386,1.4369734693273757,0.07279139614366327,0.1320313973131377,1.0377560052350396,5.7879117672084135,1.813832462459665
江门市,Jiangmen,2017,10,5,0,24.62485198595408,68.04337983272787,106.1790535683824,23.201858206493892,76.01252722022502,152.50978460442587,0.9956582308731553,1.022426375996426,1.4934517385387487,2.708871244478406,0.7020420514228218,5.7879117672084135,1.813832462459665
江门市,Jiangmen,2017,11,4,0,20.146872302379776,76.65424004285404,41.86806480056761,23.201858206493892,76.01252722022502,152.50978460442587,0.724902199596307,0.744391103195241,0.21246599770745947,0.3853777238106707,0.34611482989659414,5.7879117672084135,1.813832462459665
江门市,Jiangmen,2017,12,5,0,16.42398765929008,58.89841819100955,16.55855036911005,23.201858206493892,76.01252722022502,152.50978460442587,0.417610983940904,0.42883840222217384,0.058251012650515376,0.10565757771665339,0.0867214728214949,5.7879117672084135,1.813832462459665
江门市,Jiangmen,2018,1,4,0,13.73270692485494,67.88816929879346,57.78183188701619,23.201858206493892,76.01252722022502,152.50978460442587,0.32258297417754694,0.33125557648156084,0.05787911767208414,0.10498302253214908,0.0,5.7879117672084135,1.813832462459665
江门市,Jiangmen,2018,2,4,0,16.864556127205326,70.3884650377824,15.126364227867104,23.201858206493892,76.01252722022502,152.50978460442587,0.49353356827975575,0.5068021556014641,0.05845992230654532,0.1060365048324818,0.11460184769180684,5.7879117672084135,1.813832462459665
江门市,Jiangmen,2018,3,4,0,20.575657301789725,74.85013574360067,41.47110973800257,23.201858206493892,76.01252722022502,152.50978460442587,0.7438773948970699,0.7638764442124792,0.060773098968981476,0.11023221975421259,0.3788546326861662,5.7879117672084135,1.813832462459665
江门市,Jiangmen,2018,4,5,1,23.49875002806852,78.75690775841872,122.1190291821616,23.201858206493892,76.01252722022502,152.50978460442587,0.9814036928415271,1.007788606519645,0.06403540070005263,0.11614948853636782,0.6108704730478101,5.7879117672084135,1.813832462459665
江门市,Jiangmen,2018,5,4,0,28.722181689433448,79.76872229761622,148.4786407540895,23.201858206493892,76.01252722022502,152.50978460442587,1.3491226883024445,1.3853936804860847,1.469414525109687,2.665271766453703,1.0188695295205519,5.7879117672084135,1.813832462459665
江门市,Jiangmen,2018,6,4,0,28.450426251212875,83.65102614400105,430.2658304882426,23.201858206493892,76.01252722022502,152.50978460442587,1.4595218429895849,1.4987609024301594,0.507234460684529,0.9200383308678194,0.9993929925354551,5.7879117672084135,1.813832462459665
江门市,Jiangmen,2018,7,5,4,28.96520944640056,84.6837617445226,278.6520527053197,23.201858206493892,76.01252722022502,152.50978460442587,1.446746209815219,1.485641797979959,0.07327042714294259,0.13290027929015502,1.0360040685302574,5.7879117672084135,1.813832462459665
江门市,Jiangmen,2018,8,4,14,28.0683236944643,87.13679352589072,383.2280850430899,23.201858206493892,76.01252722022502,152.50978460442587,1.4309089052332662,1.4693787094751039,5.767807808301285,10.461837039925202,0.9714869035820112,5.7879117672084135,1.813832462459665
江门市,Jiangmen,2018,9,5,105,27.41098476337552,74.20670433032925,290.419919223403,23.201858206493892,76.01252722022502,152.50978460442587,1.290745884597478,1.3254474238253213,18.63774296186606,33.805743211211805,0.9222240290044936,5.7879117672084135,1.813832462459665
江门市,Jiangmen,2018,10,4,151,23.472119500419176,71.39864391671233,77.65334257965097,23.201858206493892,76.01252722022502,152.50978460442587,0.9261990688271278,0.9510998131976741,63.279160838358194,114.77779612582043,0.6087157817434268,5.7879117672084135,1.813832462459665
江门市,Jiangmen,2018,11,4,23,21.64644904148597,77.17038835594192,56.49099086830151,23.201858206493892,76.01252722022502,152.50978460442587,0.8265057202607009,0.8487262216126056,71.67737965423589,130.01075804089896,0.46238187225179894,5.7879117672084135,1.813832462459665
江门市,Jiangmen,2018,12,5,0,16.10300851687768,77.75526715306128,19.66493497299187,23.201858206493892,76.01252722022502,152.50978460442587,0.4770064243013676,0.489830681455586,2.2984036054601047,4.168919071417874,0.0669704175538351,5.7879117672084135,1.813832462459665
江门市,Jiangmen,2019,1,4,0,17.0089810074179,71.63870091271247,3.427392879104607,23.201858206493892,76.01252722022502,152.50978460442587,0.5010191162979775,0.5144889516277531,0.49782424997793817,0.9029697852096193,0.1239291220940152,5.7879117672084135,1.813832462459665
江门市,Jiangmen,2019,2,4,0,19.8132803612666,86.47278687722567,97.85386376041396,23.201858206493892,76.01252722022502,152.50978460442587,0.7627599942190186,0.7832666998197692,0.060393175766474655,0.10954310271626408,0.3209708896049081,5.7879117672084135,1.813832462459665
江门市,Jiangmen,2019,3,5,1,20.85838368491546,83.52953349386034,212.5423034410853,23.201858206493892,76.01252722022502,152.50978460442587,0.8636328331041229,0.8868514921709788,0.061432553783985454,0.11142836030519214,0.4006799496049373,5.7879117672084135,1.813832462459665
江门市,Jiangmen,2019,4,4,1,25.011916720947227,85.48272381488192,272.1775686142344,23.201858206493892,76.01252722022502,152.50978460442587,1.168997985052517,1.2004263474588168,0.9381379341955751,1.701625039308783,0.733288484034786,5.7879117672084135,1.813832462459665
江门市,Jiangmen,2019,5,4,1,26.34731111158905,86.90273759539718,247.9630794223858,23.201858206493892,76.01252722022502,152.50978460442587,1.257855003183716,1.2916722752407412,1.468097861753345,2.6628835597158385,0.8398288560394285,5.7879117672084135,1.813832462459665
江门市,Jiangmen,2019,6,5,3,29.21956735636038,84.02601868275156,300.2953399848562,23.201858206493892,76.01252722022502,152.50978460442587,1.4708496837054201,1.5103932907054005,2.126695919202537,3.8574700960300583,1.053631229317483,5.7879117672084135,1.813832462459665
江门市,Jiangmen,2019,7,4,13,29.23145547479737,84.5175425232878,300.3391469150164,23.201858206493892,76.01252722022502,152.50978460442587,1.4739203854959704,1.513546547923718,5.324529776311853,9.657804955607537,1.0544470847174694,5.7879117672084135,1.813832462459665
江门市,Jiangmen,2019,8,4,32,29.468265340855325,82.84160226127207,217.5392757037265,23.201858206493892,76.01252722022502,152.50978460442587,1.4486717260037696,1.4876190814267656,22.19447903708795,40.25706656485065,1.0705436392724288,5.7879117672084135,1.813832462459665
江门市,Jiangmen,2019,9,5,87,27.9886087136735,70.96964132908646,138.14621241786944,23.201858206493892,76.01252722022502,152.50978460442587,1.248059299846879,1.2816132156634048,44.48475331907213,80.68788965464334,0.9655934973993293,5.7879117672084135,1.813832462459665
江门市,Jiangmen,2019,10,4,97,25.111000921711927,69.58200734988517,47.04719282318115,23.201858206493892,76.01252722022502,152.50978460442587,1.0047034120424192,1.031714735713004,73.93547711643957,134.1065685212418,0.7412692876424625,5.7879117672084135,1.813832462459665
江门市,Jiangmen,2019,11,4,44,21.432582372175474,59.66257575340597,0.2601204624176026,23.201858206493892,76.01252722022502,152.50978460442587,0.6982612981852376,0.7170339645321974,39.382725013100625,71.43366508888414,0.4455220965643878,5.7879117672084135,1.813832462459665
江门市,Jiangmen,2019,12,5,1,17.90228762073678,60.12960281302088,7.973361228714085,23.201858206493892,76.01252722022502,152.50978460442587,0.5028229328402282,0.5163412635487207,6.986409377269781,12.67217612452454,0.1835637443492206,5.7879117672084135,1.813832462459665
揭阳市,Jieyang,2005,1,5,0,13.58533109627262,70.4455642585531,12.957389262489816,22.346711002065202,77.14247377947338,132.57001992436284,0.3695581723507915,0.35586115123866635,0.05787911767208414,0.07457248254025402,0.0,5.7879117672084135,1.2884177496061124
揭阳市,Jieyang,2005,2,4,0,14.623274954998426,79.42310607378477,82.7978517611123,22.346711002065202,77.14247377947338,132.57001992436284,0.49332558888035977,0.47504134701645123,0.05787911767208414,0.07457248254025402,0.0,5.7879117672084135,1.2884177496061124
揭阳市,Jieyang,2005,3,4,0,16.523386842156476,76.7599179689071,88.6684956979,22.346711002065202,77.14247377947338,132.57001992436284,0.6100815507335832,0.5874699553050182,0.058425082994726395,0.07527591395261574,0.09293502037202724,5.7879117672084135,1.2884177496061124
揭阳市,Jieyang,2005,4,4,0,22.2502202313542,78.29061274119422,67.47245262209219,22.346711002065202,77.14247377947338,132.57001992436284,0.9914296028887513,0.9546840152710512,0.06275150842537806,0.08085015726981461,0.5103668517913298,5.7879117672084135,1.2884177496061124
揭阳市,Jieyang,2005,5,5,0,26.05363382213684,85.84216316233416,300.0215959158418,22.346711002065202,77.14247377947338,132.57001992436284,1.4073856222829981,1.3552233592793441,0.0689462793742311,0.08883161011506116,0.8166300873113678,5.7879117672084135,1.2884177496061124
揭阳市,Jieyang,2005,6,4,0,26.992554243703125,87.50353186876463,322.0623996515121,22.346711002065202,77.14247377947338,132.57001992436284,1.4964952480372733,1.4410302941000488,0.07070654895662953,0.09109957268911505,0.8901569479187366,5.7879117672084135,1.2884177496061124
揭阳市,Jieyang,2005,7,5,0,28.9912522912445,80.78048987456866,133.90922482472027,22.346711002065202,77.14247377947338,132.57001992436284,1.5349239643682935,1.478034717915632,0.07321851046317772,0.09433602848047903,1.0378235778335194,5.7879117672084135,1.2884177496061124
揭阳市,Jieyang,2005,8,4,0,27.485804848840026,87.0579209129402,363.287339552823,22.346711002065202,77.14247377947338,132.57001992436284,1.5495091223745572,1.4920793027940853,0.07172417612589396,0.09241070159647675,0.9279036595362868,5.7879117672084135,1.2884177496061124
揭阳市,Jieyang,2005,9,4,0,27.715189231663075,82.6339465820316,111.5856941628248,22.346711002065202,77.14247377947338,132.57001992436284,1.432864807851956,1.3797582038249718,0.07092065909655945,0.09137543599377139,0.9452048473653926,5.7879117672084135,1.2884177496061124
揭阳市,Jieyang,2005,10,5,0,23.89130704751988,73.94683945831106,22.020960278147253,22.346711002065202,77.14247377947338,132.57001992436284,1.058846572967283,1.0196022943949024,0.06443164490226008,0.08301487492839008,0.6426552064660304,5.7879117672084135,1.2884177496061124
揭阳市,Jieyang,2005,11,4,0,20.709564112238148,73.89264520024389,15.173668216842804,22.346711002065202,77.14247377947338,132.57001992436284,0.8380610054010503,0.8069997540391646,0.061019712780093806,0.0786188810217398,0.3891692769781504,5.7879117672084135,1.2884177496061124
揭阳市,Jieyang,2005,12,4,0,14.68298954234465,54.35739428840613,13.159585337180667,22.346711002065202,77.14247377947338,132.57001992436284,0.3618984025702067,0.34848527729978707,0.05787911767208414,0.07457248254025402,0.0,5.7879117672084135,1.2884177496061124
揭阳市,Jieyang,2006,1,5,0,15.28105778018506,73.56847433941748,22.99889566369555,22.346711002065202,77.14247377947338,132.57001992436284,0.4904125475354868,0.47223627240533333,0.05796729084574697,0.07468608642224031,0.018671410650799934,5.7879117672084135,1.2884177496061124
揭阳市,Jieyang,2006,2,4,0,15.822777995305623,72.19417699817308,75.60384432811416,22.346711002065202,77.14247377947338,132.57001992436284,0.5428669336004126,0.5227465292719123,0.05814116052467857,0.0749101032026941,0.05012809036903693,5.7879117672084135,1.2884177496061124
揭阳市,Jieyang,2006,3,4,0,18.2954106806498,81.13769714864691,112.5771947789117,22.346711002065202,77.14247377947338,132.57001992436284,0.7526926900643814,0.7247954645716436,0.059407020618864825,0.07654105981656174,0.2108047058053382,5.7879117672084135,1.2884177496061124
揭阳市,Jieyang,2006,4,5,0,22.93439904995992,83.45454722351533,202.9463296445802,22.346711002065202,77.14247377947338,132.57001992436284,1.1241573758507732,1.082492467691839,0.06399829841412345,0.08245654362134537,0.5652862190428939,5.7879117672084135,1.2884177496061124
揭阳市,Jieyang,2006,5,4,0,24.450238432367627,85.22672173383597,376.073324872556,22.346711002065202,77.14247377947338,132.57001992436284,1.3080444372223925,1.259564079831658,0.06654389140491443,0.08573633081395338,0.6879184530245062,5.7879117672084135,1.2884177496061124
揭阳市,Jieyang,2006,6,4,0,27.2890136749276,87.58378081255248,272.9454740128849,22.346711002065202,77.14247377947338,132.57001992436284,1.500454161896041,1.4448424778070796,0.07106949765034039,0.09156720222828846,0.9129285843170976,5.7879117672084135,1.2884177496061124
揭阳市,Jieyang,2006,7,5,0,28.397806992855458,86.71756480222523,529.6859350176242,22.346711002065202,77.14247377947338,132.57001992436284,1.6790677701191865,1.6168360880277914,0.07397609708432124,0.09531211653002446,0.9955851141269433,5.7879117672084135,1.2884177496061124
揭阳市,Jieyang,2006,8,4,0,28.5385596205964,84.05912708146762,112.3768054453064,22.346711002065202,77.14247377947338,132.57001992436284,1.5029338784524784,1.4472302880479035,0.07243455945837597,0.09332597209107092,1.0057446908414924,5.7879117672084135,1.2884177496061124
揭阳市,Jieyang,2006,9,4,0,25.826391101522624,79.09762662995144,139.26268859215492,22.346711002065202,77.14247377947338,132.57001992436284,1.2895319390099205,1.241737714677052,0.06779532870673198,0.08734870484613429,0.7985753285448709,5.7879117672084135,1.2884177496061124
揭阳市,Jieyang,2006,10,5,0,25.195158809079977,69.95253112723718,9.632869853429764,22.346711002065202,77.14247377947338,132.57001992436284,1.1202640428024375,1.0787434341583007,0.06594855953077289,0.08496929466040314,0.7480408782265273,5.7879117672084135,1.2884177496061124
揭阳市,Jieyang,2006,11,4,0,20.919583387655106,73.52741669498721,144.17588546214756,22.346711002065202,77.14247377947338,132.57001992436284,0.9150039572956435,0.8810909512835342,0.061451302963232333,0.07917494947425123,0.40542753116967045,5.7879117672084135,1.2884177496061124
揭阳市,Jieyang,2006,12,5,0,15.75376358470128,69.3902674250028,51.86179922228156,22.346711002065202,77.14247377947338,132.57001992436284,0.5175194641681448,0.4983385190369456,0.058108547388628376,0.07486808385933671,0.04603892891675662,5.7879117672084135,1.2884177496061124
揭阳市,Jieyang,2007,1,4,0,14.054224218204777,64.24620971989557,19.719409045617336,22.346711002065202,77.14247377947338,132.57001992436284,0.3770695378678267,0.3630941212559802,0.05787911767208414,0.07457248254025402,0.0,5.7879117672084135,1.2884177496061124
揭阳市,Jieyang,2007,2,4,0,18.3367980455875,74.28502390814799,27.097687831956165,22.346711002065202,77.14247377947338,132.57001992436284,0.6903831006262732,0.664795270043118,0.05929982465707072,0.07640294663670011,0.21370594061152545,5.7879117672084135,1.2884177496061124
揭阳市,Jieyang,2007,3,4,0,18.7505600452419,78.96169416736501,53.38810877955869,22.346711002065202,77.14247377947338,132.57001992436284,0.7486787854456255,0.7209303282400437,0.05963130489386751,0.07683003165743274,0.2430452920549008,5.7879117672084135,1.2884177496061124
揭阳市,Jieyang,2007,4,5,0,20.90241593593378,78.73794481243992,202.0005138657699,22.346711002065202,77.14247377947338,132.57001992436284,0.9590838215142946,0.9235370731687879,0.061611084381374116,0.07938081468944234,0.4040949538154508,5.7879117672084135,1.2884177496061124
揭阳市,Jieyang,2007,5,4,0,25.92288049461597,80.0762800819126,217.2302931301096,22.346711002065202,77.14247377947338,132.57001992436284,1.337940932094734,1.288352513911188,0.06826648312303783,0.08795574855890806,0.8062518090968495,5.7879117672084135,1.2884177496061124
揭阳市,Jieyang,2007,6,4,0,27.42664321888055,88.76702192442005,337.2911561349757,22.346711002065202,77.14247377947338,132.57001992436284,1.5421581474325137,1.4850007787583104,0.07159182429893607,0.09224017715343141,0.9234141034133236,5.7879117672084135,1.2884177496061124
揭阳市,Jieyang,2007,7,5,0,29.59827029263552,79.71348007491098,74.15869853537372,22.346711002065202,77.14247377947338,132.57001992436284,1.5394366336013088,1.4823801330317554,0.07387771695192384,0.09518536182123506,1.0792507888728555,5.7879117672084135,1.2884177496061124
揭阳市,Jieyang,2007,8,4,0,27.43083112318075,87.6157193624109,486.4251138674075,22.346711002065202,77.14247377947338,132.57001992436284,1.5898743702539626,1.5309484840356367,0.07202098277751992,0.0927931125546328,0.9237322648608857,5.7879117672084135,1.2884177496061124
揭阳市,Jieyang,2007,9,5,0,27.24786409701652,77.42521574257766,147.19072419215442,22.346711002065202,77.14247377947338,132.57001992436284,1.391827710209118,1.3402420737451535,0.07007240711269032,0.09028253308161581,0.9097826190856274,5.7879117672084135,1.2884177496061124
揭阳市,Jieyang,2007,10,4,0,23.33446292260345,69.11368761928563,15.930777449498995,22.346711002065202,77.14247377947338,132.57001992436284,0.9920770189865884,0.9553074360343947,0.06358786864405788,0.08192773862062613,0.5975825955748356,5.7879117672084135,1.2884177496061124
揭阳市,Jieyang,2007,11,4,0,19.617806580637875,59.911454377939926,17.43175368296919,22.346711002065202,77.14247377947338,132.57001992436284,0.6971686009880697,0.6713292778154781,0.05993593847021904,0.07722252696433003,0.30638032126765596,5.7879117672084135,1.2884177496061124
揭阳市,Jieyang,2007,12,5,0,16.9606653490783,65.68925912066625,11.054674283540782,22.346711002065202,77.14247377947338,132.57001992436284,0.5576938324841136,0.5370238953290342,0.05852783547850993,0.07540830207653855,0.12079868550883141,5.7879117672084135,1.2884177496061124
揭阳市,Jieyang,2008,1,4,0,14.296355846510234,72.1335781292436,57.84964965729272,22.346711002065202,77.14247377947338,132.57001992436284,0.4388269619081309,0.4225626154221871,0.05787911767208414,0.07457248254025402,0.0,5.7879117672084135,1.2884177496061124
揭阳市,Jieyang,2008,2,4,0,12.366716223482484,67.1265861159753,33.3117318489132,22.346711002065202,77.14247377947338,132.57001992436284,0.2920920152155279,0.28126614043202386,0.05787911767208414,0.07457248254025402,0.0,5.7879117672084135,1.2884177496061124
揭阳市,Jieyang,2008,3,5,0,18.75399253365332,72.15716246140036,59.79118266567895,22.346711002065202,77.14247377947338,132.57001992436284,0.7254830129356343,0.6985942660802807,0.05957873584745334,0.07676230076495284,0.24329117169906458,5.7879117672084135,1.2884177496061124
揭阳市,Jieyang,2008,4,4,0,23.0214448335666,81.3126952944302,156.1801083595666,22.346711002065202,77.14247377947338,132.57001992436284,1.1019846909605908,1.0611415742157702,0.06395207595552471,0.08239698978525632,0.5723042458240077,5.7879117672084135,1.2884177496061124
揭阳市,Jieyang,2008,5,4,0,24.509787797102547,78.86324556096358,161.17129071372324,22.346711002065202,77.14247377947338,132.57001992436284,1.20197269048732,1.1574236950935033,0.06589701478819844,0.08490288349917134,0.6927365622548937,5.7879117672084135,1.2884177496061124
揭阳市,Jieyang,2008,6,5,0,26.511890562561724,88.61151807540102,441.8782593294339,22.346711002065202,77.14247377947338,132.57001992436284,1.5053617760144944,1.449568199873835,0.0702403895951698,0.09049896469366527,0.8527554567050756,5.7879117672084135,1.2884177496061124
揭阳市,Jieyang,2008,7,4,0,28.2230794337389,84.43643203996072,227.30946022577476,22.346711002065202,77.14247377947338,132.57001992436284,1.5401880136468113,1.483103664502618,0.07245593778673699,0.09335351630878816,0.9828591529737348,5.7879117672084135,1.2884177496061124
揭阳市,Jieyang,2008,8,5,0,28.07667820408176,84.12465699029573,233.1063551649558,22.346711002065202,77.14247377947338,132.57001992436284,1.529910412720547,1.4732069847070477,0.0722002096452013,0.09302403163215979,0.9721031818190136,5.7879117672084135,1.2884177496061124
揭阳市,Jieyang,2008,9,4,0,27.96779207765265,75.98251758471967,132.61557422506132,22.346711002065202,77.14247377947338,132.57001992436284,1.4309129339203444,1.3778786726541208,0.07116256561396503,0.09168711264454214,0.9640506240142187,5.7879117672084135,1.2884177496061124
揭阳市,Jieyang,2008,10,4,0,25.35131915569448,77.20051445433683,55.64912513876838,22.346711002065202,77.14247377947338,132.57001992436284,1.1991003826646716,1.1546578442885338,0.06666129807536982,0.08588759965209025,0.76058725506663,5.7879117672084135,1.2884177496061124
揭阳市,Jieyang,2008,11,5,0,19.69171032949388,57.36190601215476,16.240685104608122,22.346711002065202,77.14247377947338,132.57001992436284,0.685090252094257,0.6596985915961121,0.059936610921565554,0.07722339336258063,0.31188383235795597,5.7879117672084135,1.2884177496061124
揭阳市,Jieyang,2008,12,4,0,14.984879078979477,57.5016198838782,18.833043234050727,22.346711002065202,77.14247377947338,132.57001992436284,0.40009637415338495,0.38526750851417024,0.05788724241292762,0.07458295060056772,0.0021088570055685205,5.7879117672084135,1.2884177496061124
揭阳市,Jieyang,2009,1,4,0,13.280826825939624,58.62056747869118,3.160137532848738,22.346711002065202,77.14247377947338,132.57001992436284,0.29796548734124745,0.2869219226844666,0.05787911767208414,0.07457248254025402,0.0,5.7879117672084135,1.2884177496061124
揭阳市,Jieyang,2009,2,4,0,19.41473188451813,76.57271351795983,13.132893275053137,22.346711002065202,77.14247377947338,132.57001992436284,0.7620243630350788,0.7337812755610511,0.06001691634947059,0.07732686030128319,0.2913400421333839,5.7879117672084135,1.2884177496061124
揭阳市,Jieyang,2009,3,5,0,18.10011932953244,77.09454840176127,82.86420070632335,22.346711002065202,77.14247377947338,132.57001992436284,0.7125271224127863,0.6861185627628434,0.059232141922773075,0.07631574300048916,0.1971997733512138,5.7879117672084135,1.2884177496061124
揭阳市,Jieyang,2009,4,4,0,21.584409079999425,71.94950179241928,114.69359753030449,22.346711002065202,77.14247377947338,132.57001992436284,0.940525270971378,0.9056663625320484,0.06202238715282252,0.07991074448063865,0.4574829818294994,5.7879117672084135,1.2884177496061124
揭阳市,Jieyang,2009,5,5,0,25.4326672628107,73.04265453609175,79.52362137299129,22.346711002065202,77.14247377947338,132.57001992436284,1.1984653738272173,1.1540463709323752,0.0667319512246343,0.08597863042366818,0.7671124640683022,5.7879117672084135,1.2884177496061124
揭阳市,Jieyang,2009,6,4,0,27.926129408602694,84.1144507042158,191.3139635199613,22.346711002065202,77.14247377947338,132.57001992436284,1.4982763484579682,1.4427453811786224,0.07174329399358083,0.09243533339653913,0.9609579418768005,5.7879117672084135,1.2884177496061124
揭阳市,Jieyang,2009,7,4,0,28.745100047717624,83.17380275148938,168.5219413745404,22.346711002065202,77.14247377947338,132.57001992436284,1.546277887008491,1.4889678274613198,0.07307399103758601,0.0941498270873838,1.0204970910223783,5.7879117672084135,1.2884177496061124
揭阳市,Jieyang,2009,8,5,0,29.09835942443862,80.65708358264092,182.4246044428072,22.346711002065202,77.14247377947338,132.57001992436284,1.568912476810893,1.510763506159644,0.07367070215760604,0.09491864028580495,1.0452717729238812,5.7879117672084135,1.2884177496061124
揭阳市,Jieyang,2009,9,4,0,28.404380467765023,77.0737652154466,150.9189912741571,22.346711002065202,77.14247377947338,132.57001992436284,1.4799390224928255,1.4250876958213083,0.07207386678333286,0.09286124924639245,0.9960614461040578,5.7879117672084135,1.2884177496061124
揭阳市,Jieyang,2009,10,4,0,24.8325081969006,65.60866672447898,4.049988596866446,22.346711002065202,77.14247377947338,132.57001992436284,1.0658921908401302,1.026386778882068,0.06525696929434215,0.08407823752433148,0.7188178739299331,5.7879117672084135,1.2884177496061124
揭阳市,Jieyang,2009,11,5,0,18.68151224863748,68.82392642694498,33.185860686938994,22.346711002065202,77.14247377947338,132.57001992436284,0.692782084471207,0.6671053397878368,0.05946754697030329,0.07661904304207395,0.23810771754942528,5.7879117672084135,1.2884177496061124
揭阳市,Jieyang,2009,12,4,0,15.54071622156795,72.32548759626636,53.90582173617416,22.346711002065202,77.14247377947338,132.57001992436284,0.5163025633895546,0.4971667205369755,0.0580459907147645,0.07478748473037418,0.03356480548419023,5.7879117672084135,1.2884177496061124
揭阳市,Jieyang,2010,1,5,0,15.472969450824682,76.55373407320008,34.93589110447444,22.346711002065202,77.14247377947338,132.57001992436284,0.5183588747291167,0.49914681832766133,0.05802709424291227,0.07476313818063483,0.029645900844146717,5.7879117672084135,1.2884177496061124
揭阳市,Jieyang,2010,2,4,0,17.4761483087034,86.11062974433257,94.3921676003843,22.346711002065202,77.14247377947338,132.57001992436284,0.7055967157306897,0.6794450193670774,0.058930280934554366,0.07592681994535452,0.15470909823570636,5.7879117672084135,1.2884177496061124
揭阳市,Jieyang,2010,3,4,0,17.975901693691625,72.9590951563703,48.51001990469014,22.346711002065202,77.14247377947338,132.57001992436284,0.6725232049984691,0.6475973199107099,0.05910061807057502,0.07614628533482061,0.18862036035901142,5.7879117672084135,1.2884177496061124
揭阳市,Jieyang,2010,4,4,0,20.08054521284873,80.58837350467638,132.2413984177348,22.346711002065202,77.14247377947338,132.57001992436284,0.8809746919059463,0.8483229205284493,0.060772677926396255,0.07830059693146453,0.3410918394742443,5.7879117672084135,1.2884177496061124
揭阳市,Jieyang,2010,5,5,0,24.424142843581254,83.44290573183387,219.541034470305,22.346711002065202,77.14247377947338,132.57001992436284,1.2410199602482166,1.195023746748293,0.06607467004453782,0.08513177768474983,0.6858066540312785,5.7879117672084135,1.2884177496061124
揭阳市,Jieyang,2010,6,4,0,27.459828961873125,86.5406354405206,255.3399740593136,22.346711002065202,77.14247377947338,132.57001992436284,1.5019814984030497,1.4463132062833453,0.07127102031493776,0.09182684760630364,0.9259337870022899,5.7879117672084135,1.2884177496061124
揭阳市,Jieyang,2010,7,4,0,28.7353586175419,83.62577320515958,181.9634575412437,22.346711002065202,77.14247377947338,132.57001992436284,1.554619105107181,1.4969998930396586,0.07314560625437097,0.09424209740383142,1.019805589383725,5.7879117672084135,1.2884177496061124
揭阳市,Jieyang,2010,8,5,0,28.48950012829816,83.17024001100984,294.8938900035127,22.346711002065202,77.14247377947338,132.57001992436284,1.5851698348280174,1.526418313908237,0.07317708197323866,0.09428265127870217,1.002213099893021,5.7879117672084135,1.2884177496061124
揭阳市,Jieyang,2010,9,4,0,27.448802504088377,83.6736713253221,246.7889673625743,22.346711002065202,77.14247377947338,132.57001992436284,1.484751329356987,1.4297216430288637,0.07110542917213654,0.09161349703874098,0.9250969630726494,5.7879117672084135,1.2884177496061124
揭阳市,Jieyang,2010,10,5,0,22.41834740613514,73.27945989186335,138.67304975641684,22.346711002065202,77.14247377947338,132.57001992436284,1.015709476534158,0.9780639982718935,0.06300237897155749,0.08117338333436555,0.5238165711574554,5.7879117672084135,1.2884177496061124
揭阳市,Jieyang,2010,11,4,0,18.8393911597998,71.7356433406831,3.2147034840442426,22.346711002065202,77.14247377947338,132.57001992436284,0.6991589314443667,0.6732458401878316,0.059558336578815915,0.07673601798516141,0.2494213564339717,5.7879117672084135,1.2884177496061124
揭阳市,Jieyang,2010,12,4,0,14.282829436143125,59.334187675036446,29.997122371031963,22.346711002065202,77.14247377947338,132.57001992436284,0.3726320122990668,0.35882106473688097,0.05787911767208414,0.07457248254025402,0.0,5.7879117672084135,1.2884177496061124
揭阳市,Jieyang,2011,1,5,0,11.56282888150924,64.45039773481088,12.598191730994444,22.346711002065202,77.14247377947338,132.57001992436284,0.2255834662373529,0.21722261338448598,0.05787911767208414,0.07457248254025402,0.0,5.7879117672084135,1.2884177496061124
揭阳市,Jieyang,2011,2,4,0,14.964108637527676,74.32379880020487,33.67410869645333,22.346711002065202,77.14247377947338,132.57001992436284,0.478067127942998,0.46034841399115844,0.05788355851930304,0.07457820420663414,0.0009646709066282174,5.7879117672084135,1.2884177496061124
揭阳市,Jieyang,2011,3,4,0,17.0038805213489,62.3066523455928,14.358225123066306,22.346711002065202,77.14247377947338,132.57001992436284,0.545669621247536,0.5254453402502312,0.05852855853707995,0.07540923367803418,0.12359817763090902,5.7879117672084135,1.2884177496061124
揭阳市,Jieyang,2011,4,4,0,22.16155405440425,68.2358444684221,71.07871711558442,22.346711002065202,77.14247377947338,132.57001992436284,0.9398905709751842,0.9050551865704943,0.06243415066341835,0.08044126789633044,0.5032878722671591,5.7879117672084135,1.2884177496061124
揭阳市,Jieyang,2011,5,5,0,24.6583363775774,82.67611819372638,169.37703980121228,22.346711002065202,77.14247377947338,132.57001992436284,1.233312280542868,1.1876017385814146,0.06624872671757459,0.08535603539172779,0.7047488037098959,5.7879117672084135,1.2884177496061124
揭阳市,Jieyang,2011,6,4,0,28.184549116955075,83.76545650669078,246.0433792657848,22.346711002065202,77.14247377947338,132.57001992436284,1.5426139914688024,1.485439727740299,0.07243696809832313,0.09332907542553125,0.9800364265458876,5.7879117672084135,1.2884177496061124
揭阳市,Jieyang,2011,7,5,0,28.584081329793538,84.53730292881623,246.77845935462705,22.346711002065202,77.14247377947338,132.57001992436284,1.5781524738372017,1.5196610390116652,0.07321268480104563,0.09432852259398485,1.0090123215196671,5.7879117672084135,1.2884177496061124
揭阳市,Jieyang,2011,8,4,0,28.00878422831337,83.3046956448167,203.9699803946878,22.346711002065202,77.14247377947338,132.57001992436284,1.5071656386046905,1.4513052054822897,0.07191450641490457,0.09265592651912569,0.9670873286888174,5.7879117672084135,1.2884177496061124
揭阳市,Jieyang,2011,9,4,0,26.91715463618377,78.9707375816155,82.11829487667688,22.346711002065202,77.14247377947338,132.57001992436284,1.3382492325904682,1.2886493877934284,0.06927499707409555,0.08925513583417621,0.8843273826036372,5.7879117672084135,1.2884177496061124
揭阳市,Jieyang,2011,10,5,0,23.6560714916711,75.99775967020172,79.4274694647399,22.346711002065202,77.14247377947338,132.57001992436284,1.0864385276748887,1.0461716020216687,0.06440308865627158,0.08297808255419638,0.6236042893517877,5.7879117672084135,1.2884177496061124
揭阳市,Jieyang,2011,11,4,0,19.980876713023772,76.76851053353937,306.5676333755703,22.346711002065202,77.14247377947338,132.57001992436284,0.9212158718341006,0.8870726321782899,0.0608380879328629,0.078384872344798,0.33356572544829066,5.7879117672084135,1.2884177496061124
揭阳市,Jieyang,2011,12,4,0,14.872357697510326,63.1272706939529,3.6286336868606135,22.346711002065202,77.14247377947338,132.57001992436284,0.4140655472554009,0.39871893888117876,0.05787911767208414,0.07457248254025402,0.0,5.7879117672084135,1.2884177496061124
揭阳市,Jieyang,2012,1,5,0,13.30504215764694,79.87100634687977,71.3700225955846,22.346711002065202,77.14247377947338,132.57001992436284,0.40601720637968497,0.39096889554869135,0.05787911767208414,0.07457248254025402,0.0,5.7879117672084135,1.2884177496061124
揭阳市,Jieyang,2012,2,4,0,15.047683890777275,83.610579846245,87.13231327982531,22.346711002065202,77.14247377947338,132.57001992436284,0.534720202247053,0.5149017421311024,0.05790786206250915,0.0746095173230792,0.005582500130226567,5.7879117672084135,1.2884177496061124
揭阳市,Jieyang,2012,3,4,0,18.1000208193313,78.53747239677796,42.01953514928477,22.346711002065202,77.14247377947338,132.57001992436284,0.6984344426811919,0.6725482033214004,0.059205335290318496,0.0762812048594275,0.19719294642150417,5.7879117672084135,1.2884177496061124
揭阳市,Jieyang,2012,4,5,0,23.07311004087138,83.62948315498328,266.0371052197962,22.346711002065202,77.14247377947338,132.57001992436284,1.1594482572199027,1.1164753548577728,0.06431528910261733,0.08286496005086075,0.576472324492383,5.7879117672084135,1.2884177496061124
揭阳市,Jieyang,2012,5,4,0,25.73932875030225,83.42683627185967,140.08153851516528,22.346711002065202,77.14247377947338,132.57001992436284,1.3027472580213384,1.2544632312242152,0.06780990775612437,0.08736748875214384,0.7916366009666862,5.7879117672084135,1.2884177496061124
揭阳市,Jieyang,2012,6,4,0,27.6159843398426,86.4944204263802,274.5495868343609,22.346711002065202,77.14247377947338,132.57001992436284,1.5223279067458637,1.4659055109275325,0.07162555099494095,0.09228363122719967,0.9377434780335145,5.7879117672084135,1.2884177496061124
揭阳市,Jieyang,2012,7,5,0,28.511808263038603,83.37152296010053,275.3870263241972,22.346711002065202,77.14247377947338,132.57001992436284,1.5796135119073929,1.5210679262856075,0.07314790552986249,0.09424505983118593,1.0038202498335607,5.7879117672084135,1.2884177496061124
揭阳市,Jieyang,2012,8,4,0,28.5589775329141,82.38648228833105,109.375374243784,22.346711002065202,77.14247377947338,132.57001992436284,1.49498966520068,1.439580513032816,0.07237873726613729,0.09325404978776868,1.007211438525677,5.7879117672084135,1.2884177496061124
揭阳市,Jieyang,2012,9,5,0,26.42348820425988,74.23616525097002,74.47613996769061,22.346711002065202,77.14247377947338,132.57001992436284,1.2734693610916543,1.2262704678468854,0.06825114709250771,0.08793598934496455,0.8458190662158754,5.7879117672084135,1.2884177496061124
揭阳市,Jieyang,2012,10,4,0,23.3458309384727,68.48313066803738,33.63526168098644,22.346711002065202,77.14247377947338,132.57001992436284,1.0006746590645625,0.9635864197641318,0.06364619855101225,0.08200289190807902,0.5985016767193322,5.7879117672084135,1.2884177496061124
揭阳市,Jieyang,2012,11,4,0,20.30334688297725,76.5216802888378,116.13529035471716,22.346711002065202,77.14247377947338,132.57001992436284,0.8734953337496506,0.841120771575566,0.06089041120581428,0.07845228657838604,0.3580096503965135,5.7879117672084135,1.2884177496061124
揭阳市,Jieyang,2012,12,5,0,15.248165255854058,73.20932626557126,50.51938701067535,22.346711002065202,77.14247377947338,132.57001992436284,0.4995390193353256,0.4810244876429469,0.0579599752389437,0.07467666086458584,0.01680944919369358,5.7879117672084135,1.2884177496061124
揭阳市,Jieyang,2013,1,4,0,15.712621304060526,67.75576596879912,1.3251162781322403,22.346711002065202,77.14247377947338,132.57001992436284,0.484266857913015,0.4663183619169884,0.0580824902918363,0.0748345114333266,0.04361239795836409,5.7879117672084135,1.2884177496061124
揭阳市,Jieyang,2013,2,4,0,18.287602561669125,75.6431199733151,25.376786699544702,22.346711002065202,77.14247377947338,132.57001992436284,0.6914939381101203,0.6658649362970838,0.05927915236550955,0.07637631208932767,0.21025805942134304,5.7879117672084135,1.2884177496061124
揭阳市,Jieyang,2013,3,5,0,19.88193996253564,72.94711041879452,153.17494869888665,22.346711002065202,77.14247377947338,132.57001992436284,0.8449110128176887,0.813595878026282,0.06053242730477624,0.0779910537662154,0.3261213219428811,5.7879117672084135,1.2884177496061124
揭阳市,Jieyang,2013,4,4,0,20.644085732698173,78.3607602895433,100.7005008584478,22.346711002065202,77.14247377947338,132.57001992436284,0.8972948097063478,0.86403816197977,0.061198064827362904,0.0788486729651199,0.3841204360319069,5.7879117672084135,1.2884177496061124
揭阳市,Jieyang,2013,5,4,0,26.11415376204273,88.2016455294864,282.7099030441244,22.346711002065202,77.14247377947338,132.57001992436284,1.4149120117115266,1.3624707963734002,0.06907077726127481,0.08899201540251674,0.8214238146593978,5.7879117672084135,1.2884177496061124
揭阳市,Jieyang,2013,6,5,0,27.7306323478509,86.6743665657377,395.67483540221065,22.346711002065202,77.14247377947338,132.57001992436284,1.5793421097284386,1.5208065831491888,0.07227147425396938,0.09311585021901532,0.9463633798903259,5.7879117672084135,1.2884177496061124
揭阳市,Jieyang,2013,7,4,0,27.38526957230228,88.47495284145337,288.4553772399027,22.346711002065202,77.14247377947338,132.57001992436284,1.51821620196742,1.4619461992264733,0.0713329406480003,0.09190662686248294,0.9202679950216147,5.7879117672084135,1.2884177496061124
揭阳市,Jieyang,2013,8,4,0,28.076893210383098,86.20818230196059,240.42799525023176,22.346711002065202,77.14247377947338,132.57001992436284,1.5425897893021208,1.4854164225841906,0.0723191335166945,0.09317725525904351,0.9721190384773689,5.7879117672084135,1.2884177496061124
揭阳市,Jieyang,2013,9,5,0,26.57580226506994,79.00846149354744,250.1697844522321,22.346711002065202,77.14247377947338,132.57001992436284,1.3966144812302774,1.3448514315506377,0.06941471156476879,0.0894351464638368,0.8577597214127886,5.7879117672084135,1.2884177496061124
揭阳市,Jieyang,2013,10,4,0,23.395105641720875,66.83026757853101,8.962825488436913,22.346711002065202,77.14247377947338,132.57001992436284,0.9789865105886717,0.9427021042157272,0.06355876719849639,0.08189024380162552,0.602486140745107,5.7879117672084135,1.2884177496061124
揭阳市,Jieyang,2013,11,4,0,19.62743169712275,67.59880871098088,42.614189968665606,22.346711002065202,77.14247377947338,132.57001992436284,0.753226305285482,0.7253093022868032,0.06010651495370632,0.07744230073332045,0.30709619669835947,5.7879117672084135,1.2884177496061124
揭阳市,Jieyang,2013,12,5,0,13.88298342608456,60.16304174517531,87.63483705377442,22.346711002065202,77.14247377947338,132.57001992436284,0.37483999701884035,0.3609472144017575,0.05787911767208414,0.07457248254025402,0.0,5.7879117672084135,1.2884177496061124
揭阳市,Jieyang,2014,1,4,0,13.738777331109551,62.66713403987112,3.090403084239184,22.346711002065202,77.14247377947338,132.57001992436284,0.34366910141265794,0.33093161300131774,0.05787911767208414,0.07457248254025402,0.0,5.7879117672084135,1.2884177496061124
揭阳市,Jieyang,2014,2,4,0,14.029652596980888,77.30603536703694,58.97835909120979,22.346711002065202,77.14247377947338,132.57001992436284,0.43956862858003654,0.4232767935284939,0.05787911767208414,0.07457248254025402,0.0,5.7879117672084135,1.2884177496061124
揭阳市,Jieyang,2014,3,5,0,17.97497826508252,78.87246412706168,99.02413199955797,22.346711002065202,77.14247377947338,132.57001992436284,0.7176257789821779,0.6910282466294257,0.0591820984256289,0.07625126607051624,0.18855680066628364,5.7879117672084135,1.2884177496061124
揭阳市,Jieyang,2014,4,4,0,22.910591156128,79.31373483400047,93.71418410183271,22.346711002065202,77.14247377947338,132.57001992436284,1.0558819950327545,1.0167475933068242,0.06360714545887934,0.08195257521099797,0.5633677251367397,5.7879117672084135,1.2884177496061124
揭阳市,Jieyang,2014,5,4,0,25.0864549422627,89.43605966825083,331.1886431563275,22.346711002065202,77.14247377947338,132.57001992436284,1.3582074501105643,1.3078678892222952,0.06754809360173927,0.08703016274853595,0.7392930134101429,5.7879117672084135,1.2884177496061124
揭阳市,Jieyang,2014,6,5,0,28.13014011861506,85.83070339884384,317.5061171796526,22.346711002065202,77.14247377947338,132.57001992436284,1.5780413178938955,1.5195540028671244,0.07271058121668808,0.09368160342375773,0.9760405695763122,5.7879117672084135,1.2884177496061124
揭阳市,Jieyang,2014,7,4,0,29.50237018061188,81.92788814408763,123.5618037455566,22.346711002065202,77.14247377947338,132.57001992436284,1.5743543986864579,1.5160037328099456,0.07414336533136359,0.09552762790845934,1.0728369137411897,5.7879117672084135,1.2884177496061124
揭阳市,Jieyang,2014,8,5,0,28.56969401709626,82.94374760876835,179.426916923889,22.346711002065202,77.14247377947338,132.57001992436284,1.5371333026645377,1.4801621709890571,0.07279886443120771,0.0937953490843371,1.0079805477770094,5.7879117672084135,1.2884177496061124
揭阳市,Jieyang,2014,9,4,23,27.75454098830165,81.4711927171899,119.86788239849344,22.346711002065202,77.14247377947338,132.57001992436284,1.4352287999074436,1.3820345786891335,0.0709829530012473,0.09145569656626348,0.9481553885281372,5.7879117672084135,1.2884177496061124
揭阳市,Jieyang,2014,10,4,54,23.77476663382145,68.10863305665248,2.235890757013291,22.346711002065202,77.14247377947338,132.57001992436284,1.0071991333729968,0.9698690759528918,14.18301880300117,18.273653168783945,0.6332158878809494,5.7879117672084135,1.2884177496061124
揭阳市,Jieyang,2014,11,5,8,20.14301871977656,72.66917040860744,58.01412010289393,22.346711002065202,77.14247377947338,132.57001992436284,0.8187709463239208,0.7884246469403742,16.662576279740808,21.46835903298384,0.345822681814964,5.7879117672084135,1.2884177496061124
揭阳市,Jieyang,2014,12,4,1,13.550105729114051,58.42159912910753,27.13631031822349,22.346711002065202,77.14247377947338,132.57001992436284,0.3232644032531815,0.31128317894959756,0.05787911767208414,0.07457248254025402,0.0,5.7879117672084135,1.2884177496061124
揭阳市,Jieyang,2015,1,4,0,14.231133733462675,69.35146994238607,41.85828531035692,22.346711002065202,77.14247377947338,132.57001992436284,0.41799709051337375,0.40250476643040367,0.05787911767208414,0.07457248254025402,0.0,5.7879117672084135,1.2884177496061124
揭阳市,Jieyang,2015,2,4,0,16.1155633078192,72.42376014052385,16.69310002029651,22.346711002065202,77.14247377947338,132.57001992436284,0.5356640428416534,0.5158106009406472,0.0683604658944731,0.08807683762978244,0.06773382971239747,5.7879117672084135,1.2884177496061124
揭阳市,Jieyang,2015,3,5,0,19.5687493927899,78.06245406056765,42.80577502978904,22.346711002065202,77.14247377947338,132.57001992436284,0.7944820218647038,0.7650359485781543,0.060195155742341126,0.07755650709873661,0.30273584849985474,5.7879117672084135,1.2884177496061124
揭阳市,Jieyang,2015,4,4,0,22.271797215274475,72.6645624171535,84.63692919396019,22.346711002065202,77.14247377947338,132.57001992436284,0.9768123886055003,0.9406085622249137,0.06269588981303371,0.08077849726246168,0.51209103705754,5.7879117672084135,1.2884177496061124
揭阳市,Jieyang,2015,5,5,0,26.13297567350416,87.12557878372183,365.3595325478109,22.346711002065202,77.14247377947338,132.57001992436284,1.4430965264648843,1.3896107018541335,0.06931440969187978,0.08930591575048787,0.8229133529655268,5.7879117672084135,1.2884177496061124
揭阳市,Jieyang,2015,6,4,0,29.3307703110855,82.779126991158,112.8112263173227,22.346711002065202,77.14247377947338,132.57001992436284,1.5586423732665469,1.5008740458687695,0.07380690442162507,0.09509412570030361,1.0612340717985602,5.7879117672084135,1.2884177496061124
揭阳市,Jieyang,2015,7,4,0,28.00593827330595,83.83570656367843,294.2380578645832,22.346711002065202,77.14247377947338,132.57001992436284,1.5495496666028332,1.492118344322131,0.07230606228423514,0.09316041405113364,0.9668767002998789,5.7879117672084135,1.2884177496061124
揭阳市,Jieyang,2015,8,5,0,28.10978893128442,84.85568514827048,255.9737678117112,22.346711002065202,77.14247377947338,132.57001992436284,1.546120873219112,1.4888166331107977,0.07238827627681696,0.09326634001844204,0.9745430217565985,5.7879117672084135,1.2884177496061124
揭阳市,Jieyang,2015,9,4,3,26.7825990369975,83.1349899684076,150.71621688130145,22.346711002065202,77.14247377947338,132.57001992436284,1.3855488537110991,1.3341959319763645,0.06953849937469092,0.08959463687532533,0.8738882665708302,5.7879117672084135,1.2884177496061124
揭阳市,Jieyang,2015,10,4,3,24.15614229741617,75.3748404448407,32.759690358174126,22.346711002065202,77.14247377947338,132.57001992436284,1.091126261396132,1.0506855931698837,2.151183732599113,2.7716233037446263,0.6641075213285571,5.7879117672084135,1.2884177496061124
揭阳市,Jieyang,2015,11,5,1,22.03293347579892,74.40661400415743,22.31598226911762,22.346711002065202,77.14247377947338,132.57001992436284,0.9336365924243732,0.8990330006917282,1.7865813018296566,2.301863060391725,0.49303748578279727,5.7879117672084135,1.2884177496061124
揭阳市,Jieyang,2015,12,4,0,16.3094727072594,75.4870307421257,91.32776327560757,22.346711002065202,77.14247377947338,132.57001992436284,0.592727316033751,0.5707589246711559,0.14422190481326627,0.1858180620434155,0.07961955602490485,5.7879117672084135,1.2884177496061124
揭阳市,Jieyang,2016,1,5,0,13.49375086251306,78.56705133865617,177.3064547104256,22.346711002065202,77.14247377947338,132.57001992436284,0.4494333068035638,0.43277585487218734,0.05787911767208414,0.07457248254025402,0.0,5.7879117672084135,1.2884177496061124
揭阳市,Jieyang,2016,2,4,0,14.482827752330524,70.98721193938977,24.411759420230087,22.346711002065202,77.14247377947338,132.57001992436284,0.4320141198338101,0.4160022793095988,0.05787911767208414,0.07457248254025402,0.0,5.7879117672084135,1.2884177496061124
揭阳市,Jieyang,2016,3,4,0,16.5783517925559,82.36203990390702,146.056313962389,22.346711002065202,77.14247377947338,132.57001992436284,0.6542485179581959,0.6299999518771194,0.058486376704654904,0.07535488585642683,0.09639032999310641,5.7879117672084135,1.2884177496061124
揭阳市,Jieyang,2016,4,4,0,23.23359506842505,87.30814006908133,210.655069023471,22.346711002065202,77.14247377947338,132.57001992436284,1.1638175594447369,1.1206827166107236,0.06448476366528283,0.0830833140855057,0.5894305225993068,5.7879117672084135,1.2884177496061124
揭阳市,Jieyang,2016,5,5,0,26.36661893623678,84.34611339398393,156.2247102523343,22.346711002065202,77.14247377947338,132.57001992436284,1.362039015008933,1.3115574439332782,0.06891388329779266,0.08878987043516028,0.8413482517865138,5.7879117672084135,1.2884177496061124
揭阳市,Jieyang,2016,6,4,0,28.494957383240823,86.88510640555404,251.9317365363288,22.346711002065202,77.14247377947338,132.57001992436284,1.5839530453310435,1.5252466225654266,0.07317133875619872,0.09427525161592806,1.0026064544495399,5.7879117672084135,1.2884177496061124
揭阳市,Jieyang,2016,7,5,0,29.13875607285424,81.81525798437764,207.2855388501696,22.346711002065202,77.14247377947338,132.57001992436284,1.5904128447103059,1.531467000887065,0.07392990448036788,0.09525260115919043,1.0480661221552088,5.7879117672084135,1.2884177496061124
揭阳市,Jieyang,2016,8,4,0,27.82472514062528,87.40935101228052,364.1298841019001,22.346711002065202,77.14247377947338,132.57001992436284,1.578564457820371,1.5200577535359576,0.07237141639199647,0.093244617443583,0.9534044799416572,5.7879117672084135,1.2884177496061124
揭阳市,Jieyang,2016,9,4,0,27.23327596497645,83.14418184588911,180.5100467022802,22.346711002065202,77.14247377947338,132.57001992436284,1.4349797187935724,1.381794729326934,0.07043501861284858,0.090749728174631,0.9086661480378035,5.7879117672084135,1.2884177496061124
揭阳市,Jieyang,2016,10,5,1,25.0372821580059,83.21895284026498,346.4651632942783,22.346711002065202,77.14247377947338,132.57001992436284,1.3347300893598517,1.2852606753927398,0.06733005536891662,0.0867492384192745,0.7353323631367263,5.7879117672084135,1.2884177496061124
揭阳市,Jieyang,2016,11,4,0,20.0332538596878,80.16300512438414,118.58462286804776,22.346711002065202,77.14247377947338,132.57001992436284,0.8702482869136859,0.8379940707971146,0.34071678347313017,0.43898555141548345,0.33751750239951683,5.7879117672084135,1.2884177496061124
揭阳市,Jieyang,2016,12,4,0,17.563536093701874,70.38131461975345,32.643402237530346,22.346711002065202,77.14247377947338,132.57001992436284,0.6275081435197767,0.6042506622005371,0.08698597093338994,0.11207426891730098,0.16056721204246363,5.7879117672084135,1.2884177496061124
揭阳市,Jieyang,2017,1,5,0,16.74335750405406,76.57091976703948,20.575374301874582,22.346711002065202,77.14247377947338,132.57001992436284,0.592524543070651,0.5705636671298876,0.0584887377151539,0.07535792782426075,0.10684522660483088,5.7879117672084135,1.2884177496061124
揭阳市,Jieyang,2017,2,4,0,15.236256594624525,66.87217210956547,43.76767332509059,22.346711002065202,77.14247377947338,132.57001992436284,0.4712540276774599,0.4537878292567544,0.057952344104073135,0.07466682877496897,0.016136711314830566,5.7879117672084135,1.2884177496061124
揭阳市,Jieyang,2017,3,4,0,18.03050086686195,79.00310852842514,69.0652166312252,22.346711002065202,77.14247377947338,132.57001992436284,0.7085286050979519,0.6822682434319154,0.05919169396801628,0.07626362913764524,0.19238419911348656,5.7879117672084135,1.2884177496061124
揭阳市,Jieyang,2017,4,5,0,22.83220141547742,79.80455909721783,137.2828343613317,22.346711002065202,77.14247377947338,132.57001992436284,1.0735902874805412,1.0337995591633893,0.06363794090085842,0.08199225260505079,0.5570541385638287,5.7879117672084135,1.2884177496061124
揭阳市,Jieyang,2017,5,4,0,25.52639956281573,82.3388416771324,139.1916402592612,22.346711002065202,77.14247377947338,132.57001992436284,1.281764373012096,1.2342580397973844,0.06743994362010063,0.08689082039257315,0.774621322263049,5.7879117672084135,1.2884177496061124
揭阳市,Jieyang,2017,6,4,0,27.82086729062355,88.6863742585953,369.97462742311694,22.346711002065202,77.14247377947338,132.57001992436284,1.5858844714513083,1.5271064637869527,0.07243421975146391,0.09332553440665575,0.9531163952567986,5.7879117672084135,1.2884177496061124
揭阳市,Jieyang,2017,7,5,0,28.3471045406694,86.5039836415276,250.1301754286301,22.346711002065202,77.14247377947338,132.57001992436284,1.5696943418232223,1.5115163927258668,0.07287192544733864,0.09388948219432446,0.9919050727737384,5.7879117672084135,1.2884177496061124
揭阳市,Jieyang,2017,8,4,0,29.218342267412048,80.78002478956235,148.4916562932388,22.346711002065202,77.14247377947338,132.57001992436284,1.560788259637106,1.5029403987500953,0.07371330284867578,0.09497352777232468,1.0535471126972147,5.7879117672084135,1.2884177496061124
揭阳市,Jieyang,2017,9,4,0,28.1920420856095,81.0600173201977,141.41830985776173,22.346711002065202,77.14247377947338,132.57001992436284,1.4787527343700189,1.4239453753730893,0.0718421240611688,0.09256266780981424,0.9805858167435809,5.7879117672084135,1.2884177496061124
揭阳市,Jieyang,2017,10,5,87,24.400946222539183,69.66985095449144,65.65677973999932,22.346711002065202,77.14247377947338,132.57001992436284,1.09910571571696,1.058369303106004,0.06511761499594272,0.08389869097278976,0.6839292582103157,5.7879117672084135,1.2884177496061124
揭阳市,Jieyang,2017,11,4,14,20.784648191129172,74.0141117307162,27.67053364077416,22.346711002065202,77.14247377947338,132.57001992436284,0.851017867118679,0.8194763925557628,28.217093580851557,36.355404211865846,0.3949706601690286,5.7879117672084135,1.2884177496061124
揭阳市,Jieyang,2017,12,5,0,16.011768246436638,60.18942674599772,22.539966308470547,22.346711002065202,77.14247377947338,132.57001992436284,0.47795855906002804,0.46024386902213066,1.1918957998068962,1.5356597041521787,0.06144507219413509,5.7879117672084135,1.2884177496061124
揭阳市,Jieyang,2018,1,4,0,13.264081177760994,72.3420847619297,64.07299881470175,22.346711002065202,77.14247377947338,132.57001992436284,0.3774660605605809,0.363475947535286,0.05787911767208414,0.07457248254025402,0.0,5.7879117672084135,1.2884177496061124
揭阳市,Jieyang,2018,2,4,0,16.0603740805503,68.65831307078703,13.166248092762752,22.346711002065202,77.14247377947338,132.57001992436284,0.5156345824773166,0.4965234971577647,0.05819879731320917,0.07498436346406723,0.06438358767610443,5.7879117672084135,1.2884177496061124
揭阳市,Jieyang,2018,3,4,0,19.28330934023915,68.7369264428049,39.4970584091003,22.346711002065202,77.14247377947338,132.57001992436284,0.7346583274895154,0.707429513801502,0.059871753189805914,0.07713982950978232,0.2816726583845766,5.7879117672084135,1.2884177496061124
揭阳市,Jieyang,2018,4,5,0,23.844394059914,69.72103158661174,30.0260278083591,22.346711002065202,77.14247377947338,132.57001992436284,1.0392859747471128,1.0007666752087048,0.06427256814500995,0.08280991761079923,0.6388552528083028,5.7879117672084135,1.2884177496061124
揭阳市,Jieyang,2018,5,4,0,28.7700834166463,72.14773440552158,62.10021705019982,22.346711002065202,77.14247377947338,132.57001992436284,1.4267935287951328,1.37391194600605,0.07192418765967457,0.09266840000672563,1.0222685688423716,5.7879117672084135,1.2884177496061124
揭阳市,Jieyang,2018,6,4,0,27.404836568241,84.04918338144938,200.1139501333863,22.346711002065202,77.14247377947338,132.57001992436284,1.4617408084907104,1.4075639664877486,0.070853430702954,0.09128881773817261,0.9217565481762269,5.7879117672084135,1.2884177496061124
揭阳市,Jieyang,2018,7,5,0,28.690640776868783,82.14691730976138,188.5676813743985,22.346711002065202,77.14247377947338,132.57001992436284,1.547437764035771,1.4900847156946326,0.07302770242020037,0.09409018801113941,1.0166257386952942,5.7879117672084135,1.2884177496061124
揭阳市,Jieyang,2018,8,4,7,27.698867275030526,86.40552904777083,359.22309541822847,22.346711002065202,77.14247377947338,132.57001992436284,1.5622345565540372,1.504333091225594,0.07207971377316968,0.09286878261187999,0.9439795071925323,5.7879117672084135,1.2884177496061124
揭阳市,Jieyang,2018,9,5,22,26.90176436910868,77.22518323885807,182.38447958636107,22.346711002065202,77.14247377947338,132.57001992436284,1.3821775528928155,1.330949582470048,8.285742507175538,10.675497714910815,0.8831356733002336,5.7879117672084135,1.2884177496061124
揭阳市,Jieyang,2018,10,4,20,22.465331201816376,75.2496992654752,133.15511379637684,22.346711002065202,77.14247377947338,132.57001992436284,1.0257623859102243,0.9877443143128255,12.61675490839233,16.25565096640272,0.5275810455064222,5.7879117672084135,1.2884177496061124
揭阳市,Jieyang,2018,11,4,5,20.850143884814173,80.575148344011,43.66550511204564,22.346711002065202,77.14247377947338,132.57001992436284,0.8908993814126053,0.8578797689430299,9.186663677478466,11.836260541725018,0.4000413599789596,5.7879117672084135,1.2884177496061124
揭阳市,Jieyang,2018,12,5,0,16.77301248827096,75.14803814225634,36.04900547866129,22.346711002065202,77.14247377947338,132.57001992436284,0.5971072660332893,0.5749765395578428,0.7456132888490294,0.9606613956952788,0.10873711184267122,5.7879117672084135,1.2884177496061124
揭阳市,Jieyang,2019,1,4,1,16.321945133920774,72.45920586611882,7.470350959891959,22.346711002065202,77.14247377947338,132.57001992436284,0.5440397138473834,0.5238758424898617,0.1210507685534497,0.15596395880772604,0.08039010487819047,5.7879117672084135,1.2884177496061124
揭阳市,Jieyang,2019,2,4,0,18.181115997050224,81.96902564545195,28.40379559422244,22.346711002065202,77.14247377947338,132.57001992436284,0.7083331282331363,0.6820800115719315,0.19622217075195195,0.2528161276630563,0.20282525617638375,5.7879117672084135,1.2884177496061124
揭阳市,Jieyang,2019,3,5,1,18.89383191631744,80.88863133378531,165.21039996674384,22.346711002065202,77.14247377947338,132.57001992436284,0.8134462679949724,0.7832973184116561,0.11741176251699076,0.15127539883942853,0.25334205137509774,5.7879117672084135,1.2884177496061124
揭阳市,Jieyang,2019,4,4,1,23.2278275659138,83.5382020953744,123.24305491092572,22.346711002065202,77.14247377947338,132.57001992436284,1.1103418601292412,1.0691889996658268,0.6875935492975392,0.885907733429615,0.5889645626940339,5.7879117672084135,1.2884177496061124
揭阳市,Jieyang,2019,5,4,2,24.8083753246827,84.81422049438193,244.1506856129331,22.346711002065202,77.14247377947338,132.57001992436284,1.2856077104999195,1.2379589307675813,1.211570807132526,1.5610093328141503,0.7168696179513367,5.7879117672084135,1.2884177496061124
揭阳市,Jieyang,2019,6,5,9,27.988990311108136,86.51946085068757,295.3710032483689,22.346711002065202,77.14247377947338,132.57001992436284,1.5607735992826772,1.5029262817558169,3.3957732757823518,4.375174562156074,0.9656217655051615,5.7879117672084135,1.2884177496061124
揭阳市,Jieyang,2019,7,4,13,28.678246681552974,86.26679561230111,231.67670693111089,22.346711002065202,77.14247377947338,132.57001992436284,1.5865103115326962,1.527709108210799,14.954770688944055,19.267991996924753,1.0157428075371835,5.7879117672084135,1.2884177496061124
揭阳市,Jieyang,2019,8,4,92,28.9816836125081,83.925064445465,253.2482447098101,22.346711002065202,77.14247377947338,132.57001992436284,1.6098995614735487,1.5502314769020804,25.300825846789884,32.59803310069719,1.037155435050036,5.7879117672084135,1.2884177496061124
揭阳市,Jieyang,2019,9,5,85,27.66251880927074,73.4034215918289,79.3238153656828,22.346711002065202,77.14247377947338,132.57001992436284,1.3628925271740453,1.3123793221770768,118.52063198664597,152.70408594612863,0.9412474973278887,5.7879117672084135,1.2884177496061124
揭阳市,Jieyang,2019,10,4,70,24.435333756320677,70.3650944436871,29.593761186785272,22.346711002065202,77.14247377947338,132.57001992436284,1.083318907397283,1.043167604961194,80.71956920529063,104.0005257046554,0.6867123139633586,5.7879117672084135,1.2884177496061124
揭阳市,Jieyang,2019,11,4,8,20.47521875303817,63.64001607885045,0.082738365106582,22.346711002065202,77.14247377947338,132.57001992436284,0.7632015831722243,0.7349148641124856,26.10648471884782,33.63605829158427,0.37114539573850563,5.7879117672084135,1.2884177496061124
揭阳市,Jieyang,2019,12,5,3,17.07287682046524,66.51891361068877,43.73087592452515,22.346711002065202,77.14247377947338,132.57001992436284,0.5847130595167342,0.5630417024207968,2.1492695737086303,2.769157067454562,0.1280844952817096,5.7879117672084135,1.2884177496061124
茂名市,Maoming,2005,1,5,0,15.90905934881136,74.17826840041889,25.541295870028783,23.581741677793097,77.96907546354831,152.6738108148367,0.4494609028989368,0.4581459452201165,0.03785707924955618,0.03662691237776564,0.0552731856307878,3.760384739079474,0.9675049714300143
茂名市,Maoming,2005,2,4,0,16.706472856074026,80.59050460180705,28.11204267971676,23.581741677793097,77.96907546354831,152.6738108148367,0.5166316214343905,0.5266146198835931,0.038154146930734,0.036914326836156364,0.10449758118392172,3.760384739079474,0.9675049714300143
茂名市,Maoming,2005,3,4,0,19.4121249241926,81.29380746824779,50.111897901163104,23.581741677793097,77.96907546354831,152.6738108148367,0.6877210440471031,0.7010100450129068,0.03964482245848967,0.03835656282004904,0.2911477634614147,3.760384739079474,0.9675049714300143
茂名市,Maoming,2005,4,4,0,23.732327551872626,83.3781927073617,66.91500000694438,23.581741677793097,77.96907546354831,152.6738108148367,0.9680666512902691,0.9867728385958848,0.04381833516425464,0.042394457111202974,0.6297789653698534,3.760384739079474,0.9675049714300143
茂名市,Maoming,2005,5,5,0,27.90457430572592,85.09200896261163,280.6428763502786,23.581741677793097,77.96907546354831,152.6738108148367,1.3405240826444937,1.3664273554658581,0.05071274208840875,0.04906483008538359,0.9593554055528093,3.760384739079474,0.9675049714300143
茂名市,Maoming,2005,6,4,0,27.77750509625248,88.3367616920029,390.8982042873448,23.581741677793097,77.96907546354831,152.6738108148367,1.3824787646841326,1.409192738028581,0.05098941349142884,0.049332511043258045,0.9498747573280932,3.760384739079474,0.9675049714300143
茂名市,Maoming,2005,7,5,0,28.77737029797612,83.3620880160432,178.7171169570677,23.581741677793097,77.96907546354831,152.6738108148367,1.3519213588894736,1.3780448640511715,0.05169827962791834,0.05001834255439003,1.02278471512813,3.760384739079474,0.9675049714300143
茂名市,Maoming,2005,8,4,0,27.75676525081795,85.25093004166342,249.298014249853,23.581741677793097,77.96907546354831,152.6738108148367,1.3191602043270632,1.3446506577326904,0.050355465438965394,0.04871916315087129,0.9483220028071866,3.760384739079474,0.9675049714300143
茂名市,Maoming,2005,9,4,0,27.409331472245874,82.29079049057772,167.4323922944573,23.581741677793097,77.96907546354831,152.6738108148367,1.2496178573354315,1.2737645270596731,0.04934920884366216,0.047745604892381166,0.9220983316264993,3.760384739079474,0.9675049714300143
茂名市,Maoming,2005,10,5,0,25.41259386214532,69.57917298647294,12.776189847210048,23.581741677793097,77.96907546354831,152.6738108148367,0.9830973493477493,1.002093978486913,0.045274907030908064,0.043803697633435265,0.7655030171617291,3.760384739079474,0.9675049714300143
茂名市,Maoming,2005,11,4,0,22.691169124344277,68.93791823356878,5.762083523213871,23.581741677793097,77.96907546354831,152.6738108148367,0.8114556514767052,0.8271356063501556,0.042117597924734816,0.04074898537687139,0.545708647927465,3.760384739079474,0.9675049714300143
茂名市,Maoming,2005,12,4,0,16.43274896746735,49.50066398590602,3.809264546814216,23.581741677793097,77.96907546354831,152.6738108148367,0.3484636660826196,0.35519711423751166,0.037913818417349386,0.03668180780468037,0.08726732682500887,3.760384739079474,0.9675049714300143
茂名市,Maoming,2006,1,5,0,17.43927178706098,72.67793759460291,13.26991966464028,23.581741677793097,77.96907546354831,152.6738108148367,0.5258291511147872,0.5359898756665482,0.03841987256173441,0.037171417705185644,0.1522463777743701,3.760384739079474,0.9675049714300143
茂名市,Maoming,2006,2,4,0,17.849974428160674,74.3117757250419,48.65731523940305,23.581741677793097,77.96907546354831,152.6738108148367,0.5709495769552196,0.5819821744673345,0.03865131633724635,0.037395340708599976,0.17998299473868107,3.760384739079474,0.9675049714300143
茂名市,Maoming,2006,3,4,0,20.77628540737497,85.78853668111742,80.90594237907462,23.581741677793097,77.96907546354831,152.6738108148367,0.7984439384493981,0.8138724648279909,0.04081314093839075,0.039486916757566895,0.3943238881136354,3.760384739079474,0.9675049714300143
茂名市,Maoming,2006,4,5,0,25.300571823120983,84.77487036752962,219.303812843202,23.581741677793097,77.96907546354831,152.6738108148367,1.1399098314389684,1.1619365863013424,0.04639404735111097,0.04488647145695935,0.7565128823679652,3.760384739079474,0.9675049714300143
茂名市,Maoming,2006,5,4,0,26.458649551459725,80.5254778525424,258.5274351303111,23.581741677793097,77.96907546354831,152.6738108148367,1.2144105938368575,1.2378769450472398,0.04810822288493205,0.04654494480783494,0.8485799445708592,3.760384739079474,0.9675049714300143
茂名市,Maoming,2006,6,4,0,28.08886943759885,85.86773135835313,302.2267127066744,23.581741677793097,77.96907546354831,152.6738108148367,1.3643838603076355,1.390748181414717,0.05113585508771999,0.04947419401569388,0.9730020055219508,3.760384739079474,0.9675049714300143
茂名市,Maoming,2006,7,5,0,28.34767104112852,84.69547554430423,496.5435047448733,23.581741677793097,77.96907546354831,152.6738108148367,1.4398965481076724,1.4677200192433755,0.0521628410589332,0.050467808048431546,0.9919462484162181,3.760384739079474,0.9675049714300143
茂名市,Maoming,2006,8,4,0,28.15815198709805,85.16109028268924,214.2491632890391,23.581741677793097,77.96907546354831,152.6738108148367,1.3323620070541282,1.3581075621041052,0.050887486929042096,0.0492338965874281,0.9780992248999131,3.760384739079474,0.9675049714300143
茂名市,Maoming,2006,9,4,0,26.21025015402295,78.4928856721919,113.60334461949972,23.581741677793097,77.96907546354831,152.6738108148367,1.1295689741566766,1.1513959101192204,0.04714917234821615,0.04561705864570969,0.8290219613888549,3.760384739079474,0.9675049714300143
茂名市,Maoming,2006,10,5,0,25.42180086621846,73.19576429515125,50.9163727136856,23.581741677793097,77.96907546354831,152.6738108148367,1.0234170995888003,1.0431928370663408,0.04559722149499819,0.04411553847980626,0.7662412758395036,3.760384739079474,0.9675049714300143
茂名市,Maoming,2006,11,4,0,22.646290330659877,75.36943422218722,52.97023392767499,23.581741677793097,77.96907546354831,152.6738108148367,0.862546912525813,0.8792141162602698,0.042370086414473145,0.04099326924592208,0.5421021950775271,3.760384739079474,0.9675049714300143
茂名市,Maoming,2006,12,5,0,18.33294392868604,58.51047935696683,15.041997366365244,23.581741677793097,77.96907546354831,152.6738108148367,0.511966454080614,0.5218593063666208,0.03871768044275191,0.03745954831060111,0.2134355061543486,3.760384739079474,0.9675049714300143
茂名市,Maoming,2007,1,4,0,15.650430415555377,58.91443588865218,28.061087157257624,23.581741677793097,77.96907546354831,152.6738108148367,0.3730482962837334,0.3802567992261945,0.0377557994809109,0.03652892369809605,0.039960387408030554,3.760384739079474,0.9675049714300143
茂名市,Maoming,2007,2,4,0,20.952852088847894,83.13687677382192,28.52404306042233,23.581741677793097,77.96907546354831,152.6738108148367,0.7762450602924563,0.791244632350368,0.040832218084120506,0.03950537399090113,0.40801170223878624,3.760384739079474,0.9675049714300143
茂名市,Maoming,2007,3,4,0,21.1290931949675,83.01544922414813,39.36868677648059,23.581741677793097,77.96907546354831,152.6738108148367,0.7919503837459695,0.8072534335880038,0.04100835479008985,0.039675787129577776,0.4217395996896634,3.760384739079474,0.9675049714300143
茂名市,Maoming,2007,4,5,0,22.49131668616744,81.27212211543248,184.28869279788,23.581741677793097,77.96907546354831,152.6738108148367,0.9311789246212578,0.9491723214145372,0.04263127270895645,0.04124596828430406,0.52966412997267,3.760384739079474,0.9675049714300143
茂名市,Maoming,2007,5,4,0,27.22368797580615,81.70162744957362,189.0948820563773,23.581741677793097,77.96907546354831,152.6738108148367,1.2439092041691915,1.2679455642001407,0.04911593114258599,0.04751990755686621,0.9079320182845101,3.760384739079474,0.9675049714300143
茂名市,Maoming,2007,6,4,0,28.50877908991897,84.67205445169887,245.528188928648,23.581741677793097,77.96907546354831,152.6738108148367,1.367147628096399,1.3935653541605222,0.051589699152994786,0.04991329040510126,1.003602143268341,3.760384739079474,0.9675049714300143
茂名市,Maoming,2007,7,5,0,29.468224780432923,80.0168825548596,100.43092910596732,23.581741677793097,77.96907546354831,152.6738108148367,1.345532895549967,1.3715329548810864,0.05228666874094274,0.050587611946376426,1.0705409081053412,3.760384739079474,0.9675049714300143
茂名市,Maoming,2007,8,4,0,27.807218235952025,84.76849410032494,275.4683683635497,23.581741677793097,77.96907546354831,152.6738108148367,1.3305426892634598,1.356253089193368,0.050516688774504576,0.04887514752951597,0.9520967352332265,3.760384739079474,0.9675049714300143
茂名市,Maoming,2007,9,5,0,26.992843569540423,78.87966484459702,195.3401205620596,23.581741677793097,77.96907546354831,152.6738108148367,1.2185357370875392,1.242081799444057,0.04866060231876311,0.04707937465618219,0.8901792887487165,3.760384739079474,0.9675049714300143
茂名市,Maoming,2007,10,4,0,23.87388017418895,66.6842882165141,16.01442329218556,23.581741677793097,77.96907546354831,152.6738108148367,0.87619276903938,0.8931236549774828,0.04333094572654236,0.041922905407193865,0.6412436065073215,3.760384739079474,0.9675049714300143
茂名市,Maoming,2007,11,4,0,20.42734971649937,49.64016082121358,0.0063855814510497,23.581741677793097,77.96907546354831,152.6738108148367,0.5589017402207538,0.5697015344540014,0.039697384533492815,0.03840741688892326,0.3674796390893538,3.760384739079474,0.9675049714300143
茂名市,Maoming,2007,12,5,0,18.76195506388866,63.445354391494064,9.397714896892117,23.581741677793097,77.96907546354831,152.6738108148367,0.5593595152475115,0.5701681551789173,0.03899426918152555,0.037727149290406166,0.24386170607765656,3.760384739079474,0.9675049714300143
茂名市,Maoming,2008,1,4,0,14.96849408712252,76.35482156296833,67.89285148003844,23.581741677793097,77.96907546354831,152.6738108148367,0.4191904893102687,0.4272906090688816,0.03760900078240272,0.03638689522748993,0.0012060624545941285,3.760384739079474,0.9675049714300143
茂名市,Maoming,2008,2,4,0,13.491059197517975,66.76593656967695,20.3471698827964,23.581741677793097,77.96907546354831,152.6738108148367,0.28656417395035305,0.2921015231668039,0.03760384739079474,0.036381909295489484,0.0,3.760384739079474,0.9675049714300143
茂名市,Maoming,2008,3,5,0,20.84023362341494,77.85678620808787,78.14060866858776,23.581741677793097,77.96907546354831,152.6738108148367,0.7740021516990028,0.7889583834887598,0.04075394916838871,0.039429648425822174,0.39927350333287237,3.760384739079474,0.9675049714300143
茂名市,Maoming,2008,4,4,0,24.9602586635255,81.8343460828541,49.46623132048938,23.581741677793097,77.96907546354831,152.6738108148367,1.0309634879109424,1.050885046085071,0.045266106584257705,0.04379518315755024,0.7291243911032582,3.760384739079474,0.9675049714300143
茂名市,Maoming,2008,5,4,0,26.193092994148927,82.21680157305633,267.7792481830005,23.581741677793097,77.96907546354831,152.6738108148367,1.207098375806112,1.2304234312493896,0.04778765152299556,0.0462347904214633,0.8276666287035869,3.760384739079474,0.9675049714300143
茂名市,Maoming,2008,6,5,0,27.189728031242403,87.6003786539155,619.8333968446775,23.581741677793097,77.96907546354831,152.6738108148367,1.4017857913508662,1.428872839066445,0.050539857154820914,0.04889756305265201,0.905329670376961,3.760384739079474,0.9675049714300143
茂名市,Maoming,2008,7,4,0,28.0546698838244,84.8814388705757,252.63041053601032,23.581741677793097,77.96907546354831,152.6738108148367,1.3394331552951664,1.3653153478620812,0.050853948181984174,0.049201447682914026,0.9704791506180233,3.760384739079474,0.9675049714300143
茂名市,Maoming,2008,8,5,0,27.97175301630774,84.36536164561966,457.2065595734513,23.581741677793097,77.96907546354831,152.6738108148367,1.4002529590999748,1.427310387525234,0.05136803405243472,0.04969882831831686,0.9643443207545941,3.760384739079474,0.9675049714300143
茂名市,Maoming,2008,9,4,0,27.911177706173422,78.71016915540915,205.05079331200483,23.581741677793097,77.96907546354831,152.6738108148367,1.2833251028052122,1.3081231058301863,0.05015982149957092,0.048529876666876984,0.9598465200114074,3.760384739079474,0.9675049714300143
茂名市,Maoming,2008,10,4,0,25.7703122869654,77.0232267021852,84.07288640697234,23.581741677793097,77.96907546354831,152.6738108148367,1.080387296227943,1.1012638826684646,0.046349063501819374,0.04484294935913567,0.7941072297616956,3.760384739079474,0.9675049714300143
茂名市,Maoming,2008,11,5,0,20.37219179998126,55.84058604326081,22.63494518392324,23.581741677793097,77.96907546354831,152.6738108148367,0.6121806789869161,0.6240099951096698,0.03987064234487937,0.038575044682778836,0.3632626034597798,3.760384739079474,0.9675049714300143
茂名市,Maoming,2008,12,4,0,16.846888074630677,55.597765447158025,19.534261036841617,23.581741677793097,77.96907546354831,152.6738108148367,0.4161601196255236,0.42420168281382953,0.03808517659556185,0.03684759769399612,0.11346706631957182,3.760384739079474,0.9675049714300143
茂名市,Maoming,2009,1,4,0,14.7154245824264,59.15239721075837,12.213492038964976,23.581741677793097,77.96907546354831,152.6738108148367,0.31756485994546313,0.32370124295576913,0.03760384739079474,0.036381909295489484,0.0,3.760384739079474,0.9675049714300143
茂名市,Maoming,2009,2,4,0,21.52686385383355,80.44882939471455,6.601137303287658,23.581741677793097,77.96907546354831,152.6738108148367,0.7901502831777363,0.805418549238764,0.04125194922410357,0.03991146595549873,0.45294484920378536,3.760384739079474,0.9675049714300143
茂名市,Maoming,2009,3,5,0,20.65255080146906,82.24748533234279,138.48358715082557,23.581741677793097,77.96907546354831,152.6738108148367,0.802406323954876,0.8179114164721161,0.04075094643340159,0.03942674326479425,0.38477260241471894,3.760384739079474,0.9675049714300143
茂名市,Maoming,2009,4,4,0,23.705049203780124,80.43425539262547,128.24945430741712,23.581741677793097,77.96907546354831,152.6738108148367,0.9832084838960072,1.0022072605150711,0.04389339961473548,0.04246708234022085,0.627570011886394,3.760384739079474,0.9675049714300143
茂名市,Maoming,2009,5,5,0,26.30186432858056,82.71538152481614,323.20304465329326,23.581741677793097,77.96907546354831,152.6738108148367,1.2355164461187826,1.2593906308450744,0.04813549597601539,0.04657133165904434,0.8362495581020571,3.760384739079474,0.9675049714300143
茂名市,Maoming,2009,6,4,0,28.283171227359524,86.68322260922245,350.5401783983898,23.581741677793097,77.96907546354831,152.6738108148367,1.3982273286402356,1.4252456153155528,0.051674581056117025,0.04999541406835646,0.9872497423685803,3.760384739079474,0.9675049714300143
茂名市,Maoming,2009,7,4,0,28.8131413978556,84.36773796594532,217.1197383759297,23.581741677793097,77.96907546354831,152.6738108148367,1.3753287559572187,1.4019045679443842,0.05197778393307201,0.05028876435916229,1.0253149087996625,3.760384739079474,0.9675049714300143
茂名市,Maoming,2009,8,5,0,28.91007020365542,83.31090168579207,389.3632185810556,23.581741677793097,77.96907546354831,152.6738108148367,1.4409993428772159,1.4688441235844152,0.05276438857631801,0.05104980826205273,1.0321409155742853,3.760384739079474,0.9675049714300143
茂名市,Maoming,2009,9,4,0,28.2979610109886,79.11634401465945,231.47688778566985,23.581741677793097,77.96907546354831,152.6738108148367,1.3221880367475272,1.3477369976952867,0.0509239113642268,0.04926913740955083,0.9883281379238077,3.760384739079474,0.9675049714300143
茂名市,Maoming,2009,10,4,0,25.79100209705505,72.28541393035606,34.88861066454157,23.581741677793097,77.96907546354831,152.6738108148367,1.0332437044736102,1.0532093238268547,0.04598482638233055,0.044490548135250885,0.7957562473035625,3.760384739079474,0.9675049714300143
茂名市,Maoming,2009,11,5,0,19.83829421968124,64.69846429581632,31.110935217863062,23.581741677793097,77.96907546354831,152.6738108148367,0.6369160890494828,0.6492233735157332,0.03969983756201678,0.03840979020621526,0.32284576568333445,3.760384739079474,0.9675049714300143
茂名市,Maoming,2009,12,4,0,17.776921915828225,74.92810231485018,69.88069000025114,23.581741677793097,77.96907546354831,152.6738108148367,0.5775181666892762,0.5886776906580924,0.03863403615437515,0.03737862204576487,0.17500047647953956,3.760384739079474,0.9675049714300143
茂名市,Maoming,2010,1,5,0,18.00004056707102,83.19855865821128,59.61484268274899,23.581741677793097,77.96907546354831,152.6738108148367,0.6136177267798658,0.6254748113265667,0.03879401959550782,0.03753340682040721,0.19028299511995556,3.760384739079474,0.9675049714300143
茂名市,Maoming,2010,2,4,0,19.7011282830895,84.42831747594127,32.04725779934255,23.581741677793097,77.96907546354831,152.6738108148367,0.7065996929385506,0.720253490627565,0.03985526114629683,0.03856016329668368,0.3125863025725029,3.760384739079474,0.9675049714300143
茂名市,Maoming,2010,3,4,0,20.31160969058195,77.39327786270817,38.01713772663049,23.581741677793097,77.96907546354831,152.6738108148367,0.7223510642246924,0.7363092294912968,0.040244543063757424,0.03893679548711461,0.3586394910175298,3.760384739079474,0.9675049714300143
茂名市,Maoming,2010,4,4,0,22.713383942739448,86.21058212004212,180.059157731157,23.581741677793097,77.96907546354831,152.6738108148367,0.9613791292473134,0.9799560919383024,0.04296905347990034,0.04157277285944574,0.5474945391169007,3.760384739079474,0.9675049714300143
茂名市,Maoming,2010,5,5,0,27.04681401485318,86.17984888730946,406.5270337289235,23.581741677793097,77.96907546354831,152.6738108148367,1.3275042804385817,1.3531559684559233,0.04970570081205394,0.048090512644075094,0.8943428328567729,3.760384739079474,0.9675049714300143
茂名市,Maoming,2010,6,4,0,28.349921302678027,86.90263547338495,373.4285726407196,23.581741677793097,77.96907546354831,152.6738108148367,1.4115071407560578,1.4387820364701132,0.05187814488808934,0.05019236308779302,0.9921097939417531,3.760384739079474,0.9675049714300143
茂名市,Maoming,2010,7,4,0,29.058686320476525,83.6034884752286,246.0276063965288,23.581741677793097,77.96907546354831,152.6738108148367,1.4008902158377483,1.4279599581299118,0.05249060879536599,0.05078492496290463,1.0425195272329124,3.760384739079474,0.9675049714300143
茂名市,Maoming,2010,8,5,0,28.2558883870295,84.72177169642374,329.2956955146762,23.581741677793097,77.96907546354831,152.6738108148367,1.380837816876436,1.4075200817873703,0.05147155319156249,0.04979898360006113,0.9852581132027289,3.760384739079474,0.9675049714300143
茂名市,Maoming,2010,9,4,2,27.5340964112351,84.29181083883846,197.03796268069792,23.581741677793097,77.96907546354831,152.6738108148367,1.279063031283546,1.3037786772641082,0.049749330475462754,0.048132724560324934,0.9315601870521836,3.760384739079474,0.9675049714300143
茂名市,Maoming,2010,10,5,0,23.3123219544851,66.68554280481918,87.61522656119442,23.581741677793097,77.96907546354831,152.6738108148367,0.8778729197161527,0.8948362716143414,1.1038777291628756,1.0680071908159572,0.595792725214667,3.760384739079474,0.9675049714300143
茂名市,Maoming,2010,11,4,0,21.450059734629125,63.45686569149693,8.341383223162962,23.581741677793097,77.96907546354831,152.6738108148367,0.71195648734102,0.7257137956708738,0.23219539242990372,0.22465019651907497,0.44689689470769517,3.760384739079474,0.9675049714300143
茂名市,Maoming,2010,12,4,0,17.525460640955977,62.9750159984053,20.65990857449883,23.581741677793097,77.96907546354831,152.6738108148367,0.49303525152855016,0.5025622915841826,0.03839795101238232,0.037150208497206044,0.158010983889061,3.760384739079474,0.9675049714300143
茂名市,Maoming,2011,1,5,0,13.2985273009083,64.04584704887539,9.179314800598767,23.581741677793097,77.96907546354831,152.6738108148367,0.26146252325704944,0.2665148271732379,0.03760384739079474,0.036381909295489484,0.0,3.760384739079474,0.9675049714300143
茂名市,Maoming,2011,2,4,0,17.282293839223,80.53781867997915,30.1896045098404,23.581741677793097,77.96907546354831,152.6738108148367,0.5508244105039796,0.5614681245309626,0.03840015306150351,0.03715233899067813,0.1418256239165827,3.760384739079474,0.9675049714300143
茂名市,Maoming,2011,3,4,0,17.587499111882,72.1262343530424,24.71497616259805,23.581741677793097,77.96907546354831,152.6738108148367,0.5374041736723186,0.5477885651996327,0.03849224535639708,0.03724143874381806,0.16217899058892907,3.760384739079474,0.9675049714300143
茂名市,Maoming,2011,4,4,0,23.698171028266422,77.20507740355568,76.91691501452542,23.581741677793097,77.96907546354831,152.6738108148367,0.946736335168825,0.9650303515891779,0.04365471366587862,0.04223615249809135,0.6270130535396664,3.760384739079474,0.9675049714300143
茂名市,Maoming,2011,5,5,0,26.74958178074312,81.49864264517208,196.22406565668712,23.581741677793097,77.96907546354831,152.6738108148367,1.2142169103657041,1.2376795189832759,0.04838799549286278,0.04681562619687787,0.8713199125187886,3.760384739079474,0.9675049714300143
茂名市,Maoming,2011,6,4,0,28.400729251430576,84.9180097122863,370.3848332713025,23.581741677793097,77.96907546354831,152.6738108148367,1.405793157799222,1.432957640831145,0.05187319502962007,0.05018757407511613,0.9957968911452824,3.760384739079474,0.9675049714300143
茂名市,Maoming,2011,7,5,0,28.71788759407628,84.003452437961,310.9374324119609,23.581741677793097,77.96907546354831,152.6738108148367,1.403567213733243,1.430688684306701,0.05217633180456324,0.05048086041189691,1.0185643161656932,3.760384739079474,0.9675049714300143
茂名市,Maoming,2011,8,4,0,28.8046860248389,80.94344509694756,144.1092137906409,23.581741677793097,77.96907546354831,152.6738108148367,1.3270523525437665,1.3526953078485022,0.05146515117803864,0.049792789620149644,1.0247173703360197,3.760384739079474,0.9675049714300143
茂名市,Maoming,2011,9,4,0,27.56361972403495,76.28937770366124,173.52662642613603,23.581741677793097,77.96907546354831,152.6738108148367,1.2351231992541887,1.2589897851756908,0.04936019286127348,0.0477562319840264,0.9337919662976575,3.760384739079474,0.9675049714300143
茂名市,Maoming,2011,10,5,0,24.52597343259036,72.71766413096013,74.77145577681883,23.581741677793097,77.96907546354831,152.6738108148367,0.9772708825490644,0.9961549254534673,0.04451761968895081,0.04307101836529059,0.694045887993657,3.760384739079474,0.9675049714300143
茂名市,Maoming,2011,11,4,0,21.630217355361275,68.8494664532046,119.75992981571471,23.581741677793097,77.96907546354831,152.6738108148367,0.8004751714686239,0.8159429478567779,0.04136615656690968,0.04002196212743745,0.4610995396182204,3.760384739079474,0.9675049714300143
茂名市,Maoming,2011,12,4,0,16.797144244152,49.82322819964387,0.736212518195929,23.581741677793097,77.96907546354831,152.6738108148367,0.36838373346456293,0.37550210192539724,0.038017949290729575,0.03678255494235505,0.11027951583000896,3.760384739079474,0.9675049714300143
茂名市,Maoming,2012,1,5,0,14.68839749167966,79.63568812443579,58.838074533135725,23.581741677793097,77.96907546354831,152.6738108148367,0.40964707649366316,0.4175627865657692,0.03760384739079474,0.036381909295489484,0.0,3.760384739079474,0.9675049714300143
茂名市,Maoming,2012,2,4,0,17.0716103573446,82.3999573863306,47.0105585284011,23.581741677793097,77.96907546354831,152.6738108148367,0.5512604651824329,0.5619126052000022,0.03832310655119149,0.03707779610891992,0.12800196218070997,3.760384739079474,0.9675049714300143
茂名市,Maoming,2012,3,4,0,20.244411863760124,81.75065482937417,46.05311149065434,23.581741677793097,77.96907546354831,152.6738108148367,0.7373503753962086,0.7515983759999313,0.040260914818705196,0.038952635241417614,0.35352224176582,3.760384739079474,0.9675049714300143
茂名市,Maoming,2012,4,5,0,25.69422696673498,85.9522418660201,385.0656364691962,23.581741677793097,77.96907546354831,152.6738108148367,1.2264775011855071,1.250177024180872,0.047455713649939356,0.04591363887907552,0.7880376993489904,3.760384739079474,0.9675049714300143
茂名市,Maoming,2012,5,4,0,27.596000643804825,85.16889561873964,298.0884679605025,23.581741677793097,77.96907546354831,152.6738108148367,1.3258328907532149,1.3514522821012378,0.05025663735830553,0.048623546491515984,0.9362365312549723,3.760384739079474,0.9675049714300143
茂名市,Maoming,2012,6,4,0,27.887083172153325,85.84460191605928,435.7944178406232,23.581741677793097,77.96907546354831,152.6738108148367,1.3941236411485352,1.4210626312725652,0.05121839167401296,0.049554048573257195,0.9580537819804857,3.760384739079474,0.9675049714300143
茂名市,Maoming,2012,7,5,0,28.65748427327792,83.97667512917306,268.1089736029925,23.581741677793097,77.96907546354831,152.6738108148367,1.3832943748980204,1.4100241084769618,0.05190518882115177,0.050218528227477945,1.0142621919993007,3.760384739079474,0.9675049714300143
茂名市,Maoming,2012,8,4,0,28.20635063765073,84.61460992048288,256.2644920565254,23.581741677793097,77.96907546354831,152.6738108148367,1.3501920280453674,1.3762821169266468,0.05111390498769162,0.04945295718479305,0.9816343197909136,3.760384739079474,0.9675049714300143
茂名市,Maoming,2012,9,5,0,26.992646782723146,74.50291076836498,89.95981499549414,23.581741677793097,77.96907546354831,152.6738108148367,1.1500342387894407,1.1722566300369788,0.04803885499522603,0.046477831029686764,0.8901640935144146,3.760384739079474,0.9675049714300143
茂名市,Maoming,2012,10,4,0,24.93342277456837,70.83952047085091,65.6575543741933,23.581741677793097,77.96907546354831,152.6738108148367,0.9888878067648444,1.0079963263207319,0.0449315810439301,0.04347152803421297,0.7269603531078513,3.760384739079474,0.9675049714300143
茂名市,Maoming,2012,11,4,0,22.229806153030825,81.09278284887958,108.36416231510788,23.581741677793097,77.96907546354831,152.6738108148367,0.8843842765601978,0.901473448990037,0.0421899685295331,0.040819004296799126,0.508736130151854,3.760384739079474,0.9675049714300143
茂名市,Maoming,2012,12,5,0,17.12672319063164,74.45677976938632,48.60497945722396,23.581741677793097,77.96907546354831,152.6738108148367,0.5295884429302686,0.5398218091919192,0.03831425242743208,0.03706922970016503,0.13159991399769097,3.760384739079474,0.9675049714300143
茂名市,Maoming,2013,1,4,0,16.865154517864898,74.7479862554297,13.372041019970355,23.581741677793097,77.96907546354831,152.6738108148367,0.5005073823446783,0.5101788082010532,0.038188717932939466,0.03694777445265748,0.11464030507402799,3.760384739079474,0.9675049714300143
茂名市,Maoming,2013,2,4,0,19.68574457886215,81.87001489284675,20.690285359655174,23.581741677793097,77.96907546354831,152.6738108148367,0.6920894372867995,0.7054628497774268,0.03980093374954435,0.0385076012702408,0.31143898781385687,3.760384739079474,0.9675049714300143
茂名市,Maoming,2013,3,5,0,21.994840358255537,82.56944069532136,164.34284374003545,23.581741677793097,77.96907546354831,152.6738108148367,0.8971240888031701,0.9144594357228937,0.04208475393849574,0.04071720865690351,0.4900060486727635,3.760384739079474,0.9675049714300143
茂名市,Maoming,2013,4,4,0,23.028747614720825,84.19261771526648,119.27956290588736,23.581741677793097,77.96907546354831,152.6738108148367,0.950421877462397,0.9687871105126942,0.04315396366729619,0.041751674385019276,0.5728932823604826,3.760384739079474,0.9675049714300143
茂名市,Maoming,2013,5,4,0,27.4521187515478,86.36604388936803,222.63884302500296,23.581741677793097,77.96907546354831,152.6738108148367,1.2922865320320014,1.3172576989330569,0.049793074128619524,0.04817504676222262,0.9253486806490281,3.760384739079474,0.9675049714300143
茂名市,Maoming,2013,6,5,0,28.34410992806246,83.1903668422515,268.3472493274255,23.581741677793097,77.96907546354831,152.6738108148367,1.3582422563480299,1.384487901748359,0.05133363932690474,0.04966555125037563,0.9916873898841404,3.760384739079474,0.9675049714300143
茂名市,Maoming,2013,7,4,0,27.65330771478685,86.55276307364838,346.3425191276295,23.581741677793097,77.96907546354831,152.6738108148367,1.3521167421445481,1.3782440227443948,0.0505669832358052,0.04892380767085972,0.940554475919143,3.760384739079474,0.9675049714300143
茂名市,Maoming,2013,8,4,0,27.977842138576623,85.78972810630131,485.7734455050592,23.581741677793097,77.96907546354831,152.6738108148367,1.41507417086022,1.4424179931643653,0.05152023425727636,0.04984608277315381,0.9647957064062935,3.760384739079474,0.9675049714300143
茂名市,Maoming,2013,9,5,0,27.156934535675,79.04118386565617,247.9676313563296,23.581741677793097,77.96907546354831,152.6738108148367,1.2508613531680948,1.275032051264689,0.04911501022173842,0.047519016561367894,0.9028136053149328,3.760384739079474,0.9675049714300143
茂名市,Maoming,2013,10,4,1,25.754721563492325,60.619103880520974,26.55570290054803,23.581741677793097,77.96907546354831,152.6738108148367,0.9583011203908531,0.9768186059682358,0.0453486924211752,0.04387508536533762,0.7928642004831254,3.760384739079474,0.9675049714300143
茂名市,Maoming,2013,11,4,0,21.461632303594747,65.798339719221,86.18145213514777,23.581741677793097,77.96907546354831,152.6738108148367,0.7614377481762845,0.7761511949415124,0.3851701831578897,0.3726540670518675,0.44780751228925975,3.760384739079474,0.9675049714300143
茂名市,Maoming,2013,12,5,0,15.151764990191278,55.21825453649824,121.5656580903214,23.581741677793097,77.96907546354831,152.6738108148367,0.3576524333584794,0.36456343829785615,0.03884899407347339,0.03758659490114067,0.01138481950258309,3.760384739079474,0.9675049714300143
茂名市,Maoming,2014,1,4,0,16.337332433846125,62.12231707183455,3.2341524891179065,23.581741677793097,77.96907546354831,152.6738108148367,0.4157403114724746,0.42377376260575533,0.037948552320246146,0.03671541302841015,0.08134173463969091,3.760384739079474,0.9675049714300143
茂名市,Maoming,2014,2,4,0,15.785474422224036,80.2541246899849,35.22474088796571,23.581741677793097,77.96907546354831,152.6738108148367,0.46543234995801896,0.4744260124344645,0.03783116818953881,0.03660184329838381,0.04791491039405607,3.760384739079474,0.9675049714300143
茂名市,Maoming,2014,3,5,0,20.270207868380417,84.26183612022369,88.34420566568666,23.581741677793097,77.96907546354831,152.6738108148367,0.7657068516662258,0.7805027913562987,0.04037842019809139,0.03906632228014352,0.3554853151101746,3.760384739079474,0.9675049714300143
茂名市,Maoming,2014,4,4,0,24.800189183364772,86.01925595434902,76.37138433419994,23.581741677793097,77.96907546354831,152.6738108148367,1.0502349642016682,1.0705289097983668,0.04527106815462206,0.04379998350154385,0.7162086603781148,3.760384739079474,0.9675049714300143
茂名市,Maoming,2014,5,4,0,27.6165621688709,85.9864183005117,263.518199708227,23.581741677793097,77.96907546354831,152.6738108148367,1.3179097638694726,1.3433760547100708,0.05020185382279641,0.0485705431485584,0.9377870319953403,3.760384739079474,0.9675049714300143
茂名市,Maoming,2014,6,5,0,28.8327647407775,84.2622466127021,310.7423914359468,23.581741677793097,77.96907546354831,152.6738108148367,1.4126753155159077,1.4399727841549101,0.052388053761367875,0.05068570245766628,1.026700402483626,3.760384739079474,0.9675049714300143
茂名市,Maoming,2014,7,4,0,28.948259558171827,83.46803272179301,201.1032945174189,23.581741677793097,77.96907546354831,152.6738108148367,1.3739553937138873,1.4005046678884674,0.052096522969546394,0.05040364496725407,1.0348180845839072,3.760384739079474,0.9675049714300143
茂名市,Maoming,2014,8,5,0,28.011416968527776,85.23649258471332,399.8109133662224,23.581741677793097,77.96907546354831,152.6738108148367,1.3892309926764583,1.4160754409643275,0.0513012923669556,0.0496342554058142,0.9672821503657385,3.760384739079474,0.9675049714300143
茂名市,Maoming,2014,9,4,23,27.95791554163837,81.23197244908556,232.6876624268453,23.581741677793097,77.96907546354831,152.6738108148367,1.3092473698609814,1.3345462751557375,0.050459772489861617,0.04882008074116859,0.9633180458704312,3.760384739079474,0.9675049714300143
茂名市,Maoming,2014,10,4,61,25.331517773558524,68.08503332565917,16.2275127111941,23.581741677793097,77.96907546354831,152.6738108148367,0.9721890716327598,0.9909749174690937,17.33700255411024,16.773636160796514,0.7589977875306062,3.760384739079474,0.9675049714300143
茂名市,Maoming,2014,11,5,9,21.57453940932254,75.01667004342434,56.12871758777175,23.581741677793097,77.96907546354831,152.6738108148367,0.7974734873674361,0.8128832614837895,25.245290735296766,24.424944291595704,0.45670423683452843,3.760384739079474,0.9675049714300143
茂名市,Maoming,2014,12,4,0,15.359767174524624,56.86477061218852,16.20616546163996,23.581741677793097,77.96907546354831,152.6738108148367,0.3420800250465819,0.348690120553438,0.25797043519142926,0.24958767852967215,0.023149598188676977,3.760384739079474,0.9675049714300143
茂名市,Maoming,2015,1,4,0,16.465654684061025,69.2110083441482,35.907592494313846,23.581741677793097,77.96907546354831,152.6738108148367,0.467167067156108,0.47619424999479976,0.15244553128499055,0.14749180939051815,0.08932060183069156,3.760384739079474,0.9675049714300143
茂名市,Maoming,2015,2,4,0,18.59101899889505,80.14666291619892,32.6389365425428,23.581741677793097,77.96907546354831,152.6738108148367,0.6273523270096361,0.6394748085763906,0.03908526377521737,0.03781518701217626,0.23166141410958524,3.760384739079474,0.9675049714300143
茂名市,Maoming,2015,3,5,0,22.20214312579428,84.14806753577099,32.14926164692119,23.581741677793097,77.96907546354831,152.6738108148367,0.8577599617258271,0.8743346660459431,0.042032590214299254,0.0406667399944151,0.5065271909591422,3.760384739079474,0.9675049714300143
茂名市,Maoming,2015,4,4,0,23.94675216675935,77.03632541936506,79.72846926519166,23.581741677793097,77.96907546354831,152.6738108148367,0.9629047755571715,0.981511218682794,0.04395566249718208,0.0425273219885235,0.6471464600182147,3.760384739079474,0.9675049714300143
茂名市,Maoming,2015,5,5,0,28.1056014522235,88.56423799974527,497.67776862350667,23.581741677793097,77.96907546354831,152.6738108148367,1.4389760255335278,1.4667817091876891,0.051893743603379075,0.050207454922383765,0.9742346883026071,3.760384739079474,0.9675049714300143
茂名市,Maoming,2015,6,4,0,29.747167670964725,81.988788621285,100.98974765871088,23.581741677793097,77.96907546354831,152.6738108148367,1.373799814144871,1.400346082017607,0.05285509543672874,0.05113756760044292,1.089105631942079,3.760384739079474,0.9675049714300143
茂名市,Maoming,2015,7,4,0,28.16384605789525,82.64920730946864,262.2422667069212,23.581741677793097,77.96907546354831,152.6738108148367,1.3411126943202258,1.367027341028132,0.05098044674472995,0.049323835671249316,0.9785173238652828,3.760384739079474,0.9675049714300143
茂名市,Maoming,2015,8,5,0,28.76231336389842,83.12097558953033,259.9292468998193,23.581741677793097,77.96907546354831,152.6738108148367,1.3836726096398493,1.4104096519406817,0.052014255686426696,0.05032405096184972,1.0217179296670056,3.760384739079474,0.9675049714300143
茂名市,Maoming,2015,9,4,2,28.1275817137722,81.09597176946963,95.94774948845468,23.581741677793097,77.96907546354831,152.6738108148367,1.2582821156840898,1.282596206979272,0.050120093206810164,0.04849143934612452,0.9758523959378667,3.760384739079474,0.9675049714300143
茂名市,Maoming,2015,10,4,0,25.135462114737173,75.79348098197883,278.16496792035576,23.581741677793097,77.96907546354831,152.6738108148367,1.1118087794806957,1.1332925308828063,1.7222164300452054,1.6662529579471879,0.7432381917059578,3.760384739079474,0.9675049714300143
茂名市,Maoming,2015,11,5,1,23.29179982089734,77.42416341526622,48.74765386258618,23.581741677793097,77.96907546354831,152.6738108148367,0.9085944642848467,0.9261514560592298,0.3677586566051826,0.3558083285519376,0.594133941870219,3.760384739079474,0.9675049714300143
茂名市,Maoming,2015,12,4,0,17.270130576734125,75.8442985486864,104.25794917217362,23.581741677793097,77.96907546354831,152.6738108148367,0.5638754273451467,0.57477132934414,0.11865951292693139,0.11480366866427016,0.14102245779835199,3.760384739079474,0.9675049714300143
茂名市,Maoming,2016,1,5,0,15.05152727125608,80.6080429401339,262.5030770777385,23.581741677793097,77.96907546354831,152.6738108148367,0.4934034551353683,0.5029376100788306,0.038478317365831544,0.037227963343703874,0.005795748534957372,3.760384739079474,0.9675049714300143
茂名市,Maoming,2016,2,4,1,16.090230995986524,73.41227760870858,15.89872530635904,23.581741677793097,77.96907546354831,152.6738108148367,0.45301029443676966,0.46176392251373294,0.03790950848264191,0.036677637921424346,0.06619423409763604,3.760384739079474,0.9675049714300143
茂名市,Maoming,2016,3,4,0,19.238217298513295,83.90397760623217,103.39743518253375,23.581741677793097,77.96907546354831,152.6738108148367,0.7076720703836072,0.7213465898827603,0.23840363394665826,0.2306567010503732,0.27836797092019144,3.760384739079474,0.9675049714300143
茂名市,Maoming,2016,4,4,0,24.99339071677045,88.86616889667954,188.7325731976758,23.581741677793097,77.96907546354831,152.6738108148367,1.1225589921587529,1.1442504725345481,0.2888110075758974,0.2794260856333923,0.7317953723560527,3.760384739079474,0.9675049714300143
茂名市,Maoming,2016,5,5,0,27.6915298214385,84.3586102041634,265.7400517410724,23.581741677793097,77.96907546354831,152.6738108148367,1.317243780853412,1.3426972027422455,0.05027123371182194,0.04863766853610786,0.9434283690437484,3.760384739079474,0.9675049714300143
茂名市,Maoming,2016,6,4,0,28.66232108841145,86.11419755293318,272.1554076521991,23.581741677793097,77.96907546354831,152.6738108148367,1.3942220158705037,1.421162906913208,0.052023069827654256,0.05033257868730627,1.0146072886308533,3.760384739079474,0.9675049714300143
茂名市,Maoming,2016,7,5,0,29.02612963460924,83.72197293127593,260.03655792056475,23.581741677793097,77.96907546354831,152.6738108148367,1.4047071468912666,1.4318506446703323,0.05249874736214162,0.05079279906672037,1.0402551430059428,3.760384739079474,0.9675049714300143
茂名市,Maoming,2016,8,4,0,28.284973851654275,85.9493433478984,246.84879564880416,23.581741677793097,77.96907546354831,152.6738108148367,1.357487453332969,1.383718513491094,0.05126642423650138,0.04960052031625526,0.9873812276484057,3.760384739079474,0.9675049714300143
茂名市,Maoming,2016,9,4,1,27.694836530737422,78.48503416875455,172.4219946399725,23.581741677793097,77.96907546354831,152.6738108148367,1.253930856687522,1.278160867547027,0.04966555455955056,0.04805167094519378,0.9436767683166479,3.760384739079474,0.9675049714300143
茂名市,Maoming,2016,10,5,0,26.36690366840024,74.61444294335558,91.98581870125004,23.581741677793097,77.96907546354831,152.6738108148367,1.1112944819213797,1.1327682954266909,0.990681847421529,0.9584896124858002,0.841370652655607,3.760384739079474,0.9675049714300143
茂名市,Maoming,2016,11,4,0,21.24899137494557,78.98839311422441,96.67991674990894,23.581741677793097,77.96907546354831,152.6738108148367,0.8110283437856285,0.8267000416886566,0.1445245189904249,0.1398281906167676,0.4311143349375305,3.760384739079474,0.9675049714300143
茂名市,Maoming,2016,12,4,0,19.603062627696477,63.35614927353173,4.862784482128073,23.581741677793097,77.96907546354831,152.6738108148367,0.6041210264873399,0.6157946039849956,0.03948377133284216,0.03820074505533067,0.30528425060594183,3.760384739079474,0.9675049714300143
茂名市,Maoming,2017,1,5,0,18.59663768592894,74.0345820844749,50.49024964765453,23.581741677793097,77.96907546354831,152.6738108148367,0.6141853019253991,0.6260533538646531,0.03905667203497961,0.03778752436135439,0.2320608355847826,3.760384739079474,0.9675049714300143
茂名市,Maoming,2017,2,4,0,17.3006928316833,71.9106207346275,22.8883824836205,23.581741677793097,77.96907546354831,152.6738108148367,0.519396079593397,0.5294324963398337,0.03836115675872163,0.03711460987386927,0.14304172357428996,3.760384739079474,0.9675049714300143
茂名市,Maoming,2017,3,4,0,20.76526146144668,83.83237597411883,74.10208994562346,23.581741677793097,77.96907546354831,152.6738108148367,0.7885508384598965,0.8037881980617078,0.04076652519134646,0.03944181579055461,0.39347153991292066,3.760384739079474,0.9675049714300143
茂名市,Maoming,2017,4,5,0,24.16288857293044,83.1449429130045,187.14424027072533,23.581741677793097,77.96907546354831,152.6738108148367,1.0467590957927988,1.0669858763390132,0.044695610905759235,0.04324322575242363,0.6646539258136563,3.760384739079474,0.9675049714300143
茂名市,Maoming,2017,5,4,0,26.865233466265025,81.95361959592398,150.68376652730586,23.581741677793097,77.96907546354831,152.6738108148367,1.2044745309791782,1.22774888523083,0.04841177709151286,0.04683863501180038,0.8803045826986124,3.760384739079474,0.9675049714300143
茂名市,Maoming,2017,6,4,0,28.52640375756615,87.0645568581497,314.5535900833704,23.581741677793097,77.96907546354831,152.6738108148367,1.404317937295411,1.4314539142828129,0.0519881069723747,0.050298751951007914,1.004870603101935,3.760384739079474,0.9675049714300143
茂名市,Maoming,2017,7,5,0,27.96424593917748,86.84526670970925,427.5832318961841,23.581741677793097,77.96907546354831,152.6738108148367,1.4012087901984291,1.4282846883804312,0.05136947861342544,0.04970022593825691,0.9637876352395758,3.760384739079474,0.9675049714300143
茂名市,Maoming,2017,8,4,0,28.765633101429277,83.25613237307897,200.1382695923868,23.581741677793097,77.96907546354831,152.6738108148367,1.3600519832991278,1.3863325984934003,0.051771518061468624,0.050089201102949676,1.021953222918557,3.760384739079474,0.9675049714300143
茂名市,Maoming,2017,9,4,1,28.48692601191957,84.61353084454667,163.47350770307338,23.581741677793097,77.96907546354831,152.6738108148367,1.3304977000685876,1.3562072306613433,0.05119341701080256,0.04952988546244134,1.0020275156165461,3.760384739079474,0.9675049714300143
茂名市,Maoming,2017,10,5,6,24.6665154329146,71.99108992704267,152.11536090257346,23.581741677793097,77.96907546354831,152.6738108148367,1.0168104851873587,1.0364585614483035,0.7687319549652912,0.7437519881260332,0.7054098781844679,3.760384739079474,0.9675049714300143
茂名市,Maoming,2017,11,4,0,21.067797539971373,76.52661953260238,49.72474729220441,23.581741677793097,77.96907546354831,152.6738108148367,0.7699224694287258,0.7847998685259264,2.099143567885714,2.0309318376747663,0.41695792798399967,3.760384739079474,0.9675049714300143
茂名市,Maoming,2017,12,5,0,17.713915147809463,59.92567030816618,7.521218538607164,23.581741677793097,77.96907546354831,152.6738108148367,0.48220153356677803,0.49151923105582274,0.18864567972941065,0.1825156329769991,0.17071993072734687,3.760384739079474,0.9675049714300143
茂名市,Maoming,2018,1,4,0,15.1954011386563,69.41633339968372,27.2990265667681,23.581741677793097,77.96907546354831,152.6738108148367,0.39319704834783165,0.40079489052595696,0.03765929463923642,0.03643555478400892,0.01383432018529816,3.760384739079474,0.9675049714300143
茂名市,Maoming,2018,2,4,0,17.513474845637724,73.82130020933897,15.70004928636705,23.581741677793097,77.96907546354831,152.6738108148367,0.5353622076304498,0.5457071417513963,0.038461740067153055,0.03721192472481955,0.15720752226276336,3.760384739079474,0.9675049714300143
茂名市,Maoming,2018,3,4,0,21.08218156310848,75.51947344170873,25.65624394062177,23.581741677793097,77.96907546354831,152.6738108148367,0.7551470319582615,0.7697389216843082,0.04082196683998715,0.03949545586123876,0.4180793459359788,3.760384739079474,0.9675049714300143
茂名市,Maoming,2018,4,5,0,23.60635679989562,82.02908676946285,181.4750795243945,23.581741677793097,77.96907546354831,152.6738108148367,1.004345146980838,1.0237523524804482,0.04394680716944993,0.04251875441491901,0.6195795070249991,3.760384739079474,0.9675049714300143
茂名市,Maoming,2018,5,4,0,28.279416517144973,82.36101934036985,132.41399929771447,23.581741677793097,77.96907546354831,152.6738108148367,1.2922671099122585,1.3172379015149713,0.05060466707606295,0.04896026697365167,0.9869758280046305,3.760384739079474,0.9675049714300143
茂名市,Maoming,2018,6,4,1,28.0960975165694,84.44994723770711,337.05506108332906,23.581741677793097,77.96907546354831,152.6738108148367,1.3711942781513309,1.3976901986184809,0.05121084569126051,0.049546747797429874,0.9735346440803074,3.760384739079474,0.9675049714300143
茂名市,Maoming,2018,7,5,0,28.137540313854664,85.94458256775661,368.5421748735566,23.581741677793097,77.96907546354831,152.6738108148367,1.390966953020585,1.4178449456923135,1.4222495578020757,1.376033517787648,0.9765847207891821,3.760384739079474,0.9675049714300143
茂名市,Maoming,2018,8,4,1,27.56775958253515,87.56313005420233,517.1122636211462,23.581741677793097,77.96907546354831,152.6738108148367,1.4019124955023439,1.4290019915530519,0.43805508606096377,0.4238204735241852,0.9341046899334154,3.760384739079474,0.9675049714300143
茂名市,Maoming,2018,9,5,10,27.12582849424872,76.59147879302924,247.6762880676716,23.581741677793097,77.96907546354831,152.6738108148367,1.237035840184444,1.2609393845317343,1.17298421649557,1.134868060868404,0.900424225805599,3.760384739079474,0.9675049714300143
茂名市,Maoming,2018,10,4,5,24.26895498978395,71.31079375685805,41.92062747281814,23.581741677793097,77.96907546354831,152.6738108148367,0.9379735594449792,0.9560982506191944,6.6675805765942044,6.450917355265094,0.67324363439724,3.760384739079474,0.9675049714300143
茂名市,Maoming,2018,11,4,3,23.1483936827396,76.38293220552396,33.9893640725505,23.581741677793097,77.96907546354831,152.6738108148367,0.8878649816521448,0.9050214125928715,4.255358618215254,4.117080618340815,0.5825490303512075,3.760384739079474,0.9675049714300143
茂名市,Maoming,2018,12,5,6,17.91546330961274,77.18058387422033,15.220524818840245,23.581741677793097,77.96907546354831,152.6738108148367,0.5700119253841724,0.5810264044269732,0.5199154294686478,0.5030207627340877,0.1844672647511793,3.760384739079474,0.9675049714300143
茂名市,Maoming,2019,1,4,2,18.35971499696355,75.19437711173452,9.738145072699332,23.581741677793097,77.96907546354831,152.6738108148367,0.5861837744847572,0.5975107461002032,0.925310060711185,0.8952420838522799,0.21531508049678527,3.760384739079474,0.9675049714300143
茂名市,Maoming,2019,2,4,0,20.765578191345675,86.97303808311278,63.60638146060844,23.581741677793097,77.96907546354831,152.6738108148367,0.7937537464043107,0.8090916430615122,1.247426360061592,1.2068912048524374,0.3934960250423433,3.760384739079474,0.9675049714300143
茂名市,Maoming,2019,3,5,0,21.83132085193292,86.06475540915439,117.63052318767411,23.581741677793097,77.96907546354831,152.6738108148367,0.8804595306678622,0.8974728642784516,0.29446984327933595,0.28490103730897476,0.4770172003938633,3.760384739079474,0.9675049714300143
茂名市,Maoming,2019,4,4,1,26.00580185931495,86.27089301244227,211.5404006751425,23.581741677793097,77.96907546354831,152.6738108148367,1.1896645587984924,1.212652736356387,0.04746073577029141,0.04591849780548325,0.812836856255592,3.760384739079474,0.9675049714300143
茂名市,Maoming,2019,5,4,4,26.635960965823926,87.11784583729268,374.8871558802634,23.581741677793097,77.96907546354831,152.6738108148367,1.2928021390308955,1.3177832691313696,1.1741416142070897,1.1359878489082214,0.8624618277066575,3.760384739079474,0.9675049714300143
茂名市,Maoming,2019,6,5,16,28.95517019541806,85.64887958675298,290.8448003866121,23.581741677793097,77.96907546354831,152.6738108148367,1.4198676335494709,1.4473040810987767,6.480708818237043,6.270118000034673,1.035301789317418,3.760384739079474,0.9675049714300143
茂名市,Maoming,2019,7,4,16,28.6843669716286,85.46161280107555,253.0914377478592,23.581741677793097,77.96907546354831,152.6738108148367,1.3856388746684094,1.412413911586521,24.72416533383408,23.920752874942092,1.0161788912769925,3.760384739079474,0.9675049714300143
茂名市,Maoming,2019,8,4,22,28.5956734587371,85.56552870344944,273.4129507772049,23.581741677793097,77.96907546354831,152.6738108148367,1.3877732840146395,1.4145895646435682,29.750681440156303,28.783932196781883,1.009842983088861,3.760384739079474,0.9675049714300143
茂名市,Maoming,2019,9,5,17,27.534658155676,74.82766199492877,120.59476009456692,23.581741677793097,77.96907546354831,152.6738108148367,1.2019697813709043,1.2251957357368009,30.627006674349563,29.631781217453433,0.931602677498049,3.760384739079474,0.9675049714300143
茂名市,Maoming,2019,10,4,20,25.25493849366828,71.3348848587612,49.78183117486595,23.581741677793097,77.96907546354831,152.6738108148367,1.003207451852657,1.0225926733926545,18.206195252454204,17.614584417574967,0.7528467473339238,3.760384739079474,0.9675049714300143
茂名市,Maoming,2019,11,4,9,22.379105312933326,61.9803607065747,1.645857188278456,23.581741677793097,77.96907546354831,152.6738108148367,0.7537079018273114,0.7682719828918876,10.078092881975538,9.750604965844774,0.5206743085226924,3.760384739079474,0.9675049714300143
茂名市,Maoming,2019,12,5,2,18.71125473625344,62.1698327759526,4.322420185430185,23.581741677793097,77.96907546354831,152.6738108148367,0.5476506209998215,0.5582330071204521,2.0491902743509276,1.9826017778405576,0.24023259120614068,3.760384739079474,0.9675049714300143
清远市,Qingyuan,2005,1,5,0,12.04877801856027,70.47658471043442,84.28168520897819,22.00115062180121,75.00773621875433,189.55291084181772,0.32342609642299497,0.30243559703489886,0.0519636318041775,0.0876126172461551,0.0,5.19636318041775,1.6860372188056278
清远市,Qingyuan,2005,2,4,0,13.13630253820835,79.1508935489194,143.1152225377779,22.00115062180121,75.00773621875433,189.55291084181772,0.4392500402370192,0.4107425147071133,0.0519636318041775,0.0876126172461551,0.0,5.19636318041775,1.6860372188056278
清远市,Qingyuan,2005,3,4,0,17.03111472178835,76.89903486293872,238.0400041675608,22.00115062180121,75.00773621875433,189.55291084181772,0.7247339396181068,0.6776983803842269,0.05281323899706135,0.08904508659472224,0.12536656682020642,5.19636318041775,1.6860372188056278
清远市,Qingyuan,2005,4,4,0,22.172479137721023,82.00382110594146,274.23610582558626,22.00115062180121,75.00773621875433,189.55291084181772,1.1300250981494426,1.0566859601096446,0.05729101515928823,0.0965947838617174,0.5041595664390156,5.19636318041775,1.6860372188056278
清远市,Qingyuan,2005,5,5,0,26.7725304665148,86.5438767017401,517.9815845297896,22.00115062180121,75.00773621875433,189.55291084181772,1.5939462075881667,1.490498380510912,0.06497725259166484,0.10955406624528136,0.8731053289052579,5.19636318041775,1.6860372188056278
清远市,Qingyuan,2005,6,4,0,27.089418825343525,87.88485227630605,703.6118721540586,22.00115062180121,75.00773621875433,189.55291084181772,1.6789199805619843,1.5699573173310064,0.06605594630183483,0.11137278398831948,0.8976240527108632,5.19636318041775,1.6860372188056278
清远市,Qingyuan,2005,7,5,0,29.29507315465994,78.76153341095485,147.9502639637619,22.00115062180121,75.00773621875433,189.55291084181772,1.6188671566257518,1.5138019487270062,0.06799177515142091,0.1146366634779593,1.0588005492212424,5.19636318041775,1.6860372188056278
清远市,Qingyuan,2005,8,4,0,27.755265604955824,82.1355488424736,207.6062890964909,22.00115062180121,75.00773621875433,189.55291084181772,1.540667957797301,1.4406779131377379,0.06562427908610526,0.11064497699646124,0.9482096697224588,5.19636318041775,1.6860372188056278
清远市,Qingyuan,2005,9,4,0,27.7935902760851,77.1819222785173,91.32586458588553,22.00115062180121,75.00773621875433,189.55291084181772,1.460413477971299,1.3656319852137333,0.06495185722098773,0.10951124870513439,0.951078003257039,5.19636318041775,1.6860372188056278
清远市,Qingyuan,2005,10,5,0,24.25752203245298,60.99943812360213,2.245823978268763,22.00115062180121,75.00773621875433,189.55291084181772,1.049092079314231,0.9810055306638663,0.058559107077831934,0.09873283403324871,0.6723178481156109,5.19636318041775,1.6860372188056278
清远市,Qingyuan,2005,11,4,0,20.683972742413125,64.64918940268907,13.482952361475704,22.00115062180121,75.00773621875433,189.55291084181772,0.8334937310386257,0.7793996123362602,0.054981426919198446,0.09270073212881023,0.3871948442436443,5.19636318041775,1.6860372188056278
清远市,Qingyuan,2005,12,4,0,13.830180494572977,43.90300166966475,12.569181708978938,22.00115062180121,75.00773621875433,189.55291084181772,0.26479518419494563,0.24760985742853192,0.0519636318041775,0.0876126172461551,0.0,5.19636318041775,1.6860372188056278
清远市,Qingyuan,2006,1,5,0,14.8467985810247,68.05632417321429,46.64599779056405,22.00115062180121,75.00773621875433,189.55291084181772,0.4806612233043911,0.449466093334245,0.0519636318041775,0.0876126172461551,0.0,5.19636318041775,1.6860372188056278
清远市,Qingyuan,2006,2,4,0,15.206986114217576,69.39635533008082,74.99922837049786,22.00115062180121,75.00773621875433,189.55291084181772,0.5198820211619585,0.48614144373863843,0.052034055737968946,0.08773135461962218,0.014486305312679661,5.19636318041775,1.6860372188056278
清远市,Qingyuan,2006,3,4,0,17.900223853170225,82.78561744958942,196.76066610024537,22.00115062180121,75.00773621875433,189.55291084181772,0.7940474678866826,0.7425134294366869,0.05332556688422319,0.08990889048070916,0.18342228248705647,5.19636318041775,1.6860372188056278
清远市,Qingyuan,2006,4,5,0,23.163136095615695,84.77553210098895,448.0407930198158,22.00115062180121,75.00773621875433,189.55291084181772,1.2719805272952742,1.1894284179412336,0.058906794408069854,0.099319047812537,0.5837394246818306,5.19636318041775,1.6860372188056278
清远市,Qingyuan,2006,5,4,0,24.78052708587165,80.6760750401567,367.59610735231,22.00115062180121,75.00773621875433,189.55291084181772,1.3574835019295275,1.2693822109955522,0.061034902961812534,0.10290711803980579,0.7146209454535059,5.19636318041775,1.6860372188056278
清远市,Qingyuan,2006,6,4,0,27.611910393556578,85.41766188051128,318.0326793507685,22.00115062180121,75.00773621875433,189.55291084181772,1.5905073695828247,1.487282724641598,0.06590596102800231,0.1111199032343651,0.9374363725756714,5.19636318041775,1.6860372188056278
清远市,Qingyuan,2006,7,5,0,28.718133505948163,83.72864526335972,534.3386641714778,22.00115062180121,75.00773621875433,189.55291084181772,1.750874231743379,1.6372417051893788,0.06864027778958783,0.11573006306240237,1.018581797211264,5.19636318041775,1.6860372188056278
清远市,Qingyuan,2006,8,4,0,28.98669633223855,80.41326629001207,118.49777305882613,22.00115062180121,75.00773621875433,189.55291084181772,1.5868547248188702,1.4838671381686432,0.06735883510669594,0.1135695030052805,1.0375055088502647,5.19636318041775,1.6860372188056278
清远市,Qingyuan,2006,9,4,0,25.6304400327302,74.91203784494826,116.34566241868863,22.00115062180121,75.00773621875433,189.55291084181772,1.295072599344815,1.211021804109868,0.061445241424444,0.10359896396010991,0.7829429320007764,5.19636318041775,1.6860372188056278
清远市,Qingyuan,2006,10,5,0,25.16574283141704,66.40707383867628,44.66963417701308,22.00115062180121,75.00773621875433,189.55291084181772,1.174245448544113,1.0980363898387704,0.06015141184591913,0.10141751913592538,0.7456747442535927,5.19636318041775,1.6860372188056278
清远市,Qingyuan,2006,11,4,0,20.0127966959369,68.78054225823162,131.74367891690812,22.00115062180121,75.00773621875433,189.55291084181772,0.8619276452766137,0.8059881527283694,0.05467153572150933,0.09217824403572612,0.33597316637536684,5.19636318041775,1.6860372188056278
清远市,Qingyuan,2006,12,5,0,14.49135713837904,61.70999979866917,19.09391791119708,22.00115062180121,75.00773621875433,189.55291084181772,0.4194759416708227,0.39225176404773215,0.0519636318041775,0.0876126172461551,0.0,5.19636318041775,1.6860372188056278
清远市,Qingyuan,2007,1,4,0,12.38137081631625,58.321371989026446,41.5345134345488,22.00115062180121,75.00773621875433,189.55291084181772,0.2812593315869068,0.2630054742362928,0.0519636318041775,0.0876126172461551,0.0,5.19636318041775,1.6860372188056278
清远市,Qingyuan,2007,2,4,0,18.5423668392962,78.32928175158688,117.39454055790304,22.00115062180121,75.00773621875433,189.55291084181772,0.7954085651976588,0.7437861909188936,0.05366100721696877,0.09047445536640675,0.22820743830889004,5.19636318041775,1.6860372188056278
清远市,Qingyuan,2007,3,4,0,17.56990931514885,84.05047810255763,156.9145612528068,22.00115062180121,75.00773621875433,189.55291084181772,0.7614680694593242,0.7120484486469814,0.0531099988748805,0.08954543479377354,0.1609956559671333,5.19636318041775,1.6860372188056278
清远市,Qingyuan,2007,4,5,0,21.11707129607558,77.92180095343465,244.0868057129286,22.00115062180121,75.00773621875433,189.55291084181772,1.023970110518669,0.9575139889626638,0.0559928619473026,0.09440604923059755,0.42080117779691417,5.19636318041775,1.6860372188056278
清远市,Qingyuan,2007,5,4,0,26.54716056992405,78.13911886671818,274.7720091168435,22.00115062180121,75.00773621875433,189.55291084181772,1.4521701799668525,1.357923680964064,0.06358091597308331,0.1071997907363717,0.8555181952978437,5.19636318041775,1.6860372188056278
清远市,Qingyuan,2007,6,4,0,27.83153471909917,84.71169536945072,349.02563937072114,22.00115062180121,75.00773621875433,189.55291084181772,1.6172328996517182,1.5122737557669557,0.066389405599781,0.11193500877561353,0.9539128574169701,5.19636318041775,1.6860372188056278
清远市,Qingyuan,2007,7,5,0,29.62946206419238,76.90166503180731,86.08314924499476,22.00115062180121,75.00773621875433,189.55291084181772,1.6009315044632282,1.4970303284713273,0.06815140645034527,0.11490580778923207,1.0813257646354903,5.19636318041775,1.6860372188056278
清远市,Qingyuan,2007,8,4,0,28.090680893488926,79.58651564786922,261.6207636693891,22.00115062180121,75.00773621875433,189.55291084181772,1.5786272328199868,1.476173614107654,0.06632880144278612,0.11183282791130583,0.9731355107097177,5.19636318041775,1.6860372188056278
清远市,Qingyuan,2007,9,5,0,27.20778128617904,72.98634014617444,112.01930937186356,22.00115062180121,75.00773621875433,189.55291084181772,1.4029189690445802,1.3118688958223967,0.06385852417595915,0.10766784849866612,0.9067134993184566,5.19636318041775,1.6860372188056278
清远市,Qingyuan,2007,10,4,0,23.158498712897124,56.51108468693737,21.04856200392718,22.00115062180121,75.00773621875433,189.55291084181772,0.9509057515666213,0.8891915398281491,0.0571508636659546,0.0963584832276857,0.5833649590030534,5.19636318041775,1.6860372188056278
清远市,Qingyuan,2007,11,4,0,19.461703097352725,46.6286356655444,0.2424869134285014,22.00115062180121,75.00773621875433,189.55291084181772,0.6164185692921725,0.5764127263974912,0.053662942376911826,0.09047771811809509,0.29480795529182857,5.19636318041775,1.6860372188056278
清远市,Qingyuan,2007,12,5,0,15.96565565104572,58.506097149282354,27.576135913561995,22.00115062180121,75.00773621875433,189.55291084181772,0.4985334580764403,0.46617841201666615,0.052237128435377575,0.08807374274557639,0.05866780274464881,5.19636318041775,1.6860372188056278
清远市,Qingyuan,2008,1,4,0,11.193150508063123,74.074812429155,143.7842110612808,22.00115062180121,75.00773621875433,189.55291084181772,0.2967579865699863,0.2774982595275427,0.0519636318041775,0.0876126172461551,0.0,5.19636318041775,1.6860372188056278
清远市,Qingyuan,2008,2,4,0,11.45997677726278,61.07444934794228,22.821081651214232,22.00115062180121,75.00773621875433,189.55291084181772,0.23132204794247505,0.21630914280126692,0.0519636318041775,0.0876126172461551,0.0,5.19636318041775,1.6860372188056278
清远市,Qingyuan,2008,3,5,0,18.948684412898,72.40948993325532,154.94939271607345,22.00115062180121,75.00773621875433,189.55291084181772,0.8135361532738308,0.7607372903609422,0.0539210266705634,0.0909128578427808,0.25730234223922266,5.19636318041775,1.6860372188056278
清远市,Qingyuan,2008,4,4,0,23.64733610187465,81.03108605809953,240.3212925308763,22.00115062180121,75.00773621875433,189.55291084181772,1.2261375015680904,1.146560625239824,0.05910552406692493,0.09965411341384721,0.6228970457845243,5.19636318041775,1.6860372188056278
清远市,Qingyuan,2008,5,4,0,24.94374220889077,79.94630263555504,278.889859390847,22.00115062180121,75.00773621875433,189.55291084181772,1.336008624859288,1.2493010631233818,0.06105595217732063,0.1029426078005791,0.7277925747066436,5.19636318041775,1.6860372188056278
清远市,Qingyuan,2008,6,5,0,26.9196381236102,86.61113908874331,762.6907668494974,22.00115062180121,75.00773621875433,189.55291084181772,1.6735738174301145,1.564958122595284,0.06580599358321557,0.11095135440178576,0.8845196289394804,5.19636318041775,1.6860372188056278
清远市,Qingyuan,2008,7,4,0,28.466487652436424,80.45973778279185,156.23092520948444,22.00115062180121,75.00773621875433,189.55291084181772,1.5651395389858764,1.4635612776807005,0.06660733787400723,0.11230245070113791,1.0005529862771136,5.19636318041775,1.6860372188056278
清远市,Qingyuan,2008,8,5,0,28.306749084427334,80.17828736727743,163.134783435906,22.00115062180121,75.00773621875433,189.55291084181772,1.5543183356163917,1.4534423752857437,0.06633771908370538,0.11184786338579963,0.9889685015342946,5.19636318041775,1.6860372188056278
清远市,Qingyuan,2008,9,4,0,27.99537712582997,69.68585163421344,78.28827588442108,22.00115062180121,75.00773621875433,189.55291084181772,1.4250992798035405,1.3326096944190335,0.0648379049054437,0.10931912085995805,0.9660948104447701,5.19636318041775,1.6860372188056278
清远市,Qingyuan,2008,10,4,0,25.3691421941672,67.98035098648077,96.3400378034326,22.00115062180121,75.00773621875433,189.55291084181772,1.2262003625238524,1.146619406491233,0.060701072882344484,0.10234426810106581,0.7620175472962212,5.19636318041775,1.6860372188056278
清远市,Qingyuan,2008,11,5,0,18.55887777298842,51.306922756677714,29.459251039677085,22.00115062180121,75.00773621875433,189.55291084181772,0.6141540758235273,0.5742951995753028,0.05328094252269697,0.0898336521463105,0.22937867485112814,5.19636318041775,1.6860372188056278
清远市,Qingyuan,2008,12,4,0,14.29072492382245,49.53142422649268,21.139042554390542,22.00115062180121,75.00773621875433,189.55291084181772,0.33775509083851785,0.31583463325645555,0.0519636318041775,0.0876126172461551,0.0,5.19636318041775,1.6860372188056278
清远市,Qingyuan,2009,1,4,0,11.962187673417748,52.557816414949954,20.333953636591858,22.00115062180121,75.00773621875433,189.55291084181772,0.21895817100757906,0.20474768705039625,0.0519636318041775,0.0876126172461551,0.0,5.19636318041775,1.6860372188056278
清远市,Qingyuan,2009,2,4,0,20.44530638611565,74.76765260880828,31.933677499215257,22.00115062180121,75.00773621875433,189.55291084181772,0.8762476359219531,0.8193787695284845,0.05498594393093904,0.09270834797872264,0.36885409277820846,5.19636318041775,1.6860372188056278
清远市,Qingyuan,2009,3,5,0,17.296186627808403,79.06915718304325,276.0448570789049,22.00115062180121,75.00773621875433,189.55291084181772,0.7622384093747029,0.7127687931547501,0.05298106471464512,0.08932804700084125,0.14274375088230465,5.19636318041775,1.6860372188056278
清远市,Qingyuan,2009,4,4,0,22.38046646296585,74.5238660823703,141.11643180847636,22.00115062180121,75.00773621875433,189.55291084181772,1.0626050924718484,0.9936415431788227,0.05713835073592452,0.09633738596193868,0.5207832711172925,5.19636318041775,1.6860372188056278
清远市,Qingyuan,2009,5,5,0,25.49843448135792,77.42068848510796,333.9354146316649,22.00115062180121,75.00773621875433,189.55291084181772,1.3870935095376244,1.2970705157681226,0.06198197332925057,0.10450391392813423,0.7723821799418686,5.19636318041775,1.6860372188056278
清远市,Qingyuan,2009,6,4,0,27.6745324484175,85.16357502576743,328.7543751076652,22.00115062180121,75.00773621875433,189.55291084181772,1.5986449320122396,1.494892155602698,0.06604777246689963,0.11135900259839838,0.9421509511529824,5.19636318041775,1.6860372188056278
清远市,Qingyuan,2009,7,4,0,28.938782887640524,79.36047842888227,154.0509561960601,22.00115062180121,75.00773621875433,189.55291084181772,1.5964151072134043,1.492807047438028,0.06740156154795893,0.11364154137547702,1.0341543986060477,5.19636318041775,1.6860372188056278
清远市,Qingyuan,2009,8,5,0,29.3318015823015,75.67958171260321,115.82742577312575,22.00115062180121,75.00773621875433,189.55291084181772,1.5872837982836125,1.4842683645721906,0.06771623540706173,0.11417209321370954,1.0613042748118255,5.19636318041775,1.6860372188056278
清远市,Qingyuan,2009,9,4,0,28.293058423783275,70.24245382542698,120.54029995482728,22.00115062180121,75.00773621875433,189.55291084181772,1.474737346420123,1.3790262281461396,0.06558800776487586,0.11058382219889322,0.9879707639073674,5.19636318041775,1.6860372188056278
清远市,Qingyuan,2009,10,4,0,25.62242904570605,52.97446012033425,3.8336247191034585,22.00115062180121,75.00773621875433,189.55291084181772,1.0788350616432578,1.0088181800380622,0.059855643532666813,0.10091884275163862,0.7823026869114864,5.19636318041775,1.6860372188056278
清远市,Qingyuan,2009,11,5,0,16.56369097685128,63.33627489171111,132.08286230110284,22.00115062180121,75.00773621875433,189.55291084181772,0.6008987912066318,0.5619001889026475,0.05250006302765492,0.08851706025426748,0.09546735062058519,5.19636318041775,1.6860372188056278
清远市,Qingyuan,2009,12,4,0,13.950512059411675,71.473068893733,93.35172442994885,22.00115062180121,75.00773621875433,189.55291084181772,0.45230636334807733,0.42295147656530885,0.0519636318041775,0.0876126172461551,0.0,5.19636318041775,1.6860372188056278
清远市,Qingyuan,2010,1,5,0,14.27037144617236,80.33671730238225,154.05127394341292,22.00115062180121,75.00773621875433,189.55291084181772,0.5219182525608405,0.48804552280224206,0.0519636318041775,0.0876126172461551,0.0,5.19636318041775,1.6860372188056278
清远市,Qingyuan,2010,2,4,0,17.32660439627867,83.01281832311273,167.5716767267106,22.00115062180121,75.00773621875433,189.55291084181772,0.7446726959382874,0.6963431024351667,0.052971635571802816,0.08931214911506768,0.14475676776293891,5.19636318041775,1.6860372188056278
清远市,Qingyuan,2010,3,4,0,17.260143843311177,74.34345624205608,142.7635955388111,22.00115062180121,75.00773621875433,189.55291084181772,0.700663224122412,0.6551898651700536,0.05288327907024951,0.08916317676492536,0.14036347552984874,5.19636318041775,1.6860372188056278
清远市,Qingyuan,2010,4,4,0,19.736907450309925,83.83973958187013,314.2573741087977,22.00115062180121,75.00773621875433,189.55291084181772,0.9673268959331204,0.9045469445261769,0.0548152822588748,0.09242060604779875,0.31525731991622213,5.19636318041775,1.6860372188056278
清远市,Qingyuan,2010,5,5,0,25.12474364057812,83.76665654198948,462.1664189028956,22.00115062180121,75.00773621875433,189.55291084181772,1.428858053322513,1.336124521842986,0.06188269316314668,0.10433652387299387,0.7423755194079746,5.19636318041775,1.6860372188056278
清远市,Qingyuan,2010,6,4,0,27.10115619939125,86.50720983294116,394.6263298486567,22.00115062180121,75.00773621875433,189.55291084181772,1.5812247897449938,1.4786025884178133,0.06524927737691265,0.11001271015764677,0.8985271415594861,5.19636318041775,1.6860372188056278
清远市,Qingyuan,2010,7,4,0,29.028416592811773,80.95617116406069,166.22529391220206,22.00115062180121,75.00773621875433,189.55291084181772,1.6181630764644732,1.5131435636854411,0.06770659497236987,0.11415583908201361,1.0404143761381448,5.19636318041775,1.6860372188056278
清远市,Qingyuan,2010,8,5,0,28.4320012548882,79.13316486450935,208.7469816462486,22.00115062180121,75.00773621875433,189.55291084181772,1.5807570840157488,1.4781652370011364,0.06671662190006414,0.11248670763649078,0.9980609560144387,5.19636318041775,1.6860372188056278
清远市,Qingyuan,2010,9,4,0,27.50520339356768,81.99269048824047,277.76922195440443,22.00115062180121,75.00773621875433,189.55291084181772,1.5497384964975038,1.4491597697892684,0.06543173665178209,0.11032034328599294,0.9293733602308791,5.19636318041775,1.6860372188056278
清远市,Qingyuan,2010,10,5,0,22.23202665105232,63.72720942320461,56.32242588875479,22.00115062180121,75.00773621875433,189.55291084181772,0.9554531144060255,0.8934437767703125,0.05651048764647118,0.09527878542480606,0.5089134829199885,5.19636318041775,1.6860372188056278
清远市,Qingyuan,2010,11,4,0,18.99384883024915,57.59961477608908,0.5184539783982823,22.00115062180121,75.00773621875433,189.55291084181772,0.6731945656915979,0.629503935048305,0.05360393393192036,0.09037822768361563,0.2605705916067053,5.19636318041775,1.6860372188056278
清远市,Qingyuan,2010,12,4,0,13.6307186125501,60.5256548019172,57.10790168901848,22.00115062180121,75.00773621875433,189.55291084181772,0.3740630580456632,0.34978619703211083,0.0519636318041775,0.0876126172461551,0.0,5.19636318041775,1.6860372188056278
清远市,Qingyuan,2011,1,5,0,9.49026290849852,63.157236623736615,34.35933937782348,22.00115062180121,75.00773621875433,189.55291084181772,0.1231655089973283,0.11517201196713889,0.0519636318041775,0.0876126172461551,0.0,5.19636318041775,1.6860372188056278
清远市,Qingyuan,2011,2,4,0,14.64760616109181,73.14526224295693,72.56131169929513,22.00115062180121,75.00773621875433,189.55291084181772,0.4967264109430185,0.4644886430564279,0.0519636318041775,0.0876126172461551,0.0,5.19636318041775,1.6860372188056278
清远市,Qingyuan,2011,3,4,0,15.4914307136675,68.12950436955985,62.806187175933616,22.00115062180121,75.00773621875433,189.55291084181772,0.5287079305961797,0.4943945476737755,0.0521154678640203,0.08786861849420685,0.030711515844423366,5.19636318041775,1.6860372188056278
清远市,Qingyuan,2011,4,4,0,22.879580147362425,69.70811147648853,80.21932834781755,22.00115062180121,75.00773621875433,189.55291084181772,1.0471072119716656,0.9791494821061805,0.05745538226672533,0.09687191292240377,0.5608694650723713,5.19636318041775,1.6860372188056278
清远市,Qingyuan,2011,5,5,0,24.786927063743622,80.06538248768167,364.43350363137154,22.00115062180121,75.00773621875433,189.55291084181772,1.3540967684633038,1.2662152780572902,0.06101881551958554,0.10287999401345568,0.7151377709879705,5.19636318041775,1.6860372188056278
清远市,Qingyuan,2011,6,4,0,28.079453482272424,84.241376356901,261.2806731076887,22.00115062180121,75.00773621875433,189.55291084181772,1.600583503288123,1.4967049127292897,0.06651621107832688,0.11214880753199034,0.9723078444108453,5.19636318041775,1.6860372188056278
清远市,Qingyuan,2011,7,5,0,28.901618752882055,80.42334007793428,262.0025524916305,22.00115062180121,75.00773621875433,189.55291084181772,1.6496174728155868,1.5425565555405567,0.06787583548011705,0.11444118487700491,1.031547505910631,5.19636318041775,1.6860372188056278
清远市,Qingyuan,2011,8,4,0,28.57407956925575,76.51039352659375,119.6262918667164,22.00115062180121,75.00773621875433,189.55291084181772,1.5337253364049377,1.4341858710019648,0.06642445837659178,0.11199410906193899,1.0082951495200208,5.19636318041775,1.6860372188056278
清远市,Qingyuan,2011,9,4,0,27.0378927090965,73.18566674263982,102.62244586226844,22.00115062180121,75.00773621875433,189.55291084181772,1.3860737874352975,1.296116974089706,0.06354644770845323,0.10714167595933775,0.8936551357496589,5.19636318041775,1.6860372188056278
清远市,Qingyuan,2011,10,5,0,22.971253263655505,71.01169770691286,126.58032919588229,22.00115062180121,75.00773621875433,189.55291084181772,1.0818148778185863,1.011604604800958,0.05771214457996354,0.09730482373891002,0.5682568810486106,5.19636318041775,1.6860372188056278
清远市,Qingyuan,2011,11,4,0,19.7501010985335,67.95190336703237,119.75077321423784,22.00115062180121,75.00773621875433,189.55291084181772,0.8348608444129877,0.7806779994366283,0.05443247274516728,0.09177517495997498,0.31624318128234724,5.19636318041775,1.6860372188056278
清远市,Qingyuan,2011,12,4,0,13.75025608690595,49.48347361014147,2.301738974992478,22.00115062180121,75.00773621875433,189.55291084181772,0.298536538051788,0.2791613822167907,0.0519636318041775,0.0876126172461551,0.0,5.19636318041775,1.6860372188056278
清远市,Qingyuan,2012,1,5,0,10.61920688246939,78.82207428367512,143.25628565545108,22.00115062180121,75.00773621875433,189.55291084181772,0.27262834458823676,0.2549346421828109,0.0519636318041775,0.0876126172461551,0.0,5.19636318041775,1.6860372188056278
清远市,Qingyuan,2012,2,4,0,13.037731811847726,81.00891662068717,143.9691756366746,22.00115062180121,75.00773621875433,189.55291084181772,0.43827526945721057,0.40983100699012925,0.0519636318041775,0.0876126172461551,0.0,5.19636318041775,1.6860372188056278
清远市,Qingyuan,2012,3,4,0,17.430639281693573,78.51118855234108,158.87903206835645,22.00115062180121,75.00773621875433,189.55291084181772,0.7336254051137385,0.6860127857628505,0.05300411205032617,0.0893669056665938,0.15167067841041093,5.19636318041775,1.6860372188056278
清远市,Qingyuan,2012,4,5,0,23.42773261139872,85.288549874121,695.623224180317,22.00115062180121,75.00773621875433,189.55291084181772,1.358900117740389,1.2707068878019858,0.05965299724121299,0.10057717356199454,0.6051250300796138,5.19636318041775,1.6860372188056278
清远市,Qingyuan,2012,5,4,0,26.756149414735077,83.1221696458357,223.38700404056272,22.00115062180121,75.00773621875433,189.55291084181772,1.4719969012137215,1.376463639068431,0.06396406859854402,0.10784580032338155,0.8718310061926685,5.19636318041775,1.6860372188056278
清远市,Qingyuan,2012,6,4,0,27.985288744298824,84.61043198938005,330.5534726762655,22.00115062180121,75.00773621875433,189.55291084181772,1.622503767960703,1.5172025423477247,0.06660990917695762,0.1123067860136131,0.965347536929145,5.19636318041775,1.6860372188056278
清远市,Qingyuan,2012,7,5,0,28.6000587563507,82.48305389433627,282.6473398549514,22.00115062180121,75.00773621875433,189.55291084181772,1.6439770265924654,1.537282176818804,0.06749259637632893,0.11379502948431643,1.0101570685146763,5.19636318041775,1.6860372188056278
清远市,Qingyuan,2012,8,4,0,28.5764406980037,79.79026166949745,118.0814310911318,22.00115062180121,75.00773621875433,189.55291084181772,1.5505625262927765,1.4499303196795341,0.06658566424585312,0.11226590815740352,1.008464492618335,5.19636318041775,1.6860372188056278
清远市,Qingyuan,2012,9,5,0,25.94932928478036,69.72478776654246,84.18621933799884,22.00115062180121,75.00773621875433,189.55291084181772,1.273700902641262,1.1910371401520952,0.06159142129080193,0.10384542865542942,0.8083534225805052,5.19636318041775,1.6860372188056278
清远市,Qingyuan,2012,10,4,0,23.505700952799927,64.74641992287278,86.56369011603273,22.00115062180121,75.00773621875433,189.55291084181772,1.0659274002608523,0.9967482316953454,0.058058078620369054,0.09788808140628552,0.6114329198082105,5.19636318041775,1.6860372188056278
清远市,Qingyuan,2012,11,4,0,18.54521761784317,77.99576252407738,268.4166046013829,22.00115062180121,75.00773621875433,189.55291084181772,0.8450698653305988,0.790224450296677,0.05376858027668054,0.0906558275488216,0.2284095957579397,5.19636318041775,1.6860372188056278
清远市,Qingyuan,2012,12,5,0,13.195027835248704,72.73453296741154,87.31146836355504,22.00115062180121,75.00773621875433,189.55291084181772,0.405742340009676,0.3794094793225189,0.0519636318041775,0.0876126172461551,0.0,5.19636318041775,1.6860372188056278
清远市,Qingyuan,2013,1,4,0,14.152501064343074,71.5836193916262,15.521645226108596,22.00115062180121,75.00773621875433,189.55291084181772,0.43752534366847917,0.4091297517229902,0.0519636318041775,0.0876126172461551,0.0,5.19636318041775,1.6860372188056278
清远市,Qingyuan,2013,2,4,0,16.27060374583635,80.70659794921136,68.14534423029404,22.00115062180121,75.00773621875433,189.55291084181772,0.6286026705828127,0.587806074024422,0.052417552630346045,0.08837794465346627,0.07722288799446626,5.19636318041775,1.6860372188056278
清远市,Qingyuan,2013,3,5,0,19.58435310829848,79.84911810548371,375.3546332652737,22.00115062180121,75.00773621875433,189.55291084181772,0.958320285902421,0.8961248675446937,0.054686904112859,0.09220415571553484,0.30389429055161044,5.19636318041775,1.6860372188056278
清远市,Qingyuan,2013,4,4,0,20.81502759434705,81.46198871268848,262.7593582307748,22.00115062180121,75.00773621875433,189.55291084181772,1.022315606218068,0.9559668627366631,0.055761893474573644,0.09401662778920583,0.3973214782281049,5.19636318041775,1.6860372188056278
清远市,Qingyuan,2013,5,4,0,26.18742008577525,88.27757768114827,509.7942563065947,22.00115062180121,75.00773621875433,189.55291084181772,1.5500122645065129,1.4494157701311376,0.06395346539142047,0.10782792292153254,0.8272183754533162,5.19636318041775,1.6860372188056278
清远市,Qingyuan,2013,6,5,0,28.063449000902654,83.06654839420409,289.1754662363207,22.00115062180121,75.00773621875433,189.55291084181772,1.6052461469457906,1.5010649487126675,0.06654088174312435,0.11219040319105156,0.9711271954920061,5.19636318041775,1.6860372188056278
清远市,Qingyuan,2013,7,4,0,27.57144500882045,86.14776608893705,223.76221247846055,22.00115062180121,75.00773621875433,189.55291084181772,1.551493344243183,1.450800727125549,0.06551966773333191,0.11046859836217578,0.9343830393587411,5.19636318041775,1.6860372188056278
清远市,Qingyuan,2013,8,4,0,28.05840761764128,84.91271712996846,425.7524504241007,22.00115062180121,75.00773621875433,189.55291084181772,1.664729708424969,1.5566880002495762,0.06707525984887401,0.11309138456626033,0.9707550930098863,5.19636318041775,1.6860372188056278
清远市,Qingyuan,2013,9,5,0,26.75935915999536,75.7575619385329,222.3788976827596,22.00115062180121,75.00773621875433,189.55291084181772,1.4350869488227331,1.3419491592186084,0.063666512111527,0.1073441090115738,0.8720807511190569,5.19636318041775,1.6860372188056278
清远市,Qingyuan,2013,10,4,2,23.65988284459265,56.62963893168377,0.9330995019539156,22.00115062180121,75.00773621875433,189.55291084181772,0.9746352427236342,0.9113809763169709,0.05764985504670487,0.09719980126749386,0.6239128740108512,5.19636318041775,1.6860372188056278
清远市,Qingyuan,2013,11,4,0,19.040653270230173,62.55737522354048,81.50676887389757,22.00115062180121,75.00773621875433,189.55291084181772,0.7424054149689537,0.6942229690223406,0.4184641213131808,0.7055460832688162,0.2639645372330003,5.19636318041775,1.6860372188056278
清远市,Qingyuan,2013,12,5,0,12.36763412332608,53.910869042096806,159.1687402929675,22.00115062180121,75.00773621875433,189.55291084181772,0.29118498566333956,0.2722869488908358,0.0519636318041775,0.0876126172461551,0.0,5.19636318041775,1.6860372188056278
清远市,Qingyuan,2014,1,4,0,13.58458636897635,57.32108404160485,8.007293703551401,22.00115062180121,75.00773621875433,189.55291084181772,0.3374561378657156,0.31555508246629127,0.0519636318041775,0.0876126172461551,0.0,5.19636318041775,1.6860372188056278
清远市,Qingyuan,2014,2,4,0,12.846697865595653,74.84216327015807,104.2410385857052,22.00115062180121,75.00773621875433,189.55291084181772,0.3953853570222628,0.36972466919766744,0.0519636318041775,0.0876126172461551,0.0,5.19636318041775,1.6860372188056278
清远市,Qingyuan,2014,3,5,0,17.33040880044696,80.97708261513168,375.66544012992927,22.00115062180121,75.00773621875433,189.55291084181772,0.7977364442646927,0.7459629895855747,0.05304534386054971,0.08943642403322942,0.14500881028603888,5.19636318041775,1.6860372188056278
清远市,Qingyuan,2014,4,4,0,23.175689133721477,82.9152705973311,105.0333747085754,22.00115062180121,75.00773621875433,189.55291084181772,1.1417530168821293,1.067652731632181,0.05820676468145655,0.09813877163919665,0.5847531404462223,5.19636318041775,1.6860372188056278
清远市,Qingyuan,2014,5,4,0,25.225375177886423,89.14286804117972,569.8557531954344,22.00115062180121,75.00773621875433,189.55291084181772,1.4907914761116028,1.3940384375869272,0.06242547919887346,0.10525168133107718,0.7504705116169795,5.19636318041775,1.6860372188056278
清远市,Qingyuan,2014,6,5,0,28.64090180905538,83.5031693241632,348.0013137690937,22.00115062180121,75.00773621875433,189.55291084181772,1.678543295690655,1.569605079477554,0.06786495989793458,0.11442284824066908,1.0130782769287332,5.19636318041775,1.6860372188056278
清远市,Qingyuan,2014,7,4,0,29.40147248657535,80.76721825986205,144.5303344872376,22.00115062180121,75.00773621875433,189.55291084181772,1.6363057004382415,1.530108723188557,0.0682751100380877,0.11511437664226559,1.0660339351519483,5.19636318041775,1.6860372188056278
清远市,Qingyuan,2014,8,5,4,28.343064281140904,82.63988599975895,234.7866520016006,22.00115062180121,75.00773621875433,189.55291084181772,1.6030548083551883,1.4990158289839748,0.06682804322645977,0.11267456813976251,0.9916113715995447,5.19636318041775,1.6860372188056278
清远市,Qingyuan,2014,9,4,72,27.8039596730107,75.82441382952764,63.481544200020274,22.00115062180121,75.00773621875433,189.55291084181772,1.437913040948094,1.344591836691645,5.171379836024938,8.71913887611899,0.9518532064007309,5.19636318041775,1.6860372188056278
清远市,Qingyuan,2014,10,4,194,24.51638028240285,58.03196054529115,1.6880066984429003,22.00115062180121,75.00773621875433,189.55291084181772,1.0447447469587345,0.9769403421370748,49.62910148535056,83.67651224018272,0.6932698700195212,5.19636318041775,1.6860372188056278
清远市,Qingyuan,2014,11,5,27,18.82844754467722,70.994857380221,111.68894971471576,22.00115062180121,75.00773621875433,189.55291084181772,0.7828192302584853,0.7320139094898106,39.291994178224655,66.24776458558082,0.2486344178664246,5.19636318041775,1.6860372188056278
清远市,Qingyuan,2014,12,4,6,12.710213460375474,52.29887929307962,19.42815510649127,22.00115062180121,75.00773621875433,189.55291084181772,0.26135148853739343,0.24438965917082497,0.0519636318041775,0.0876126172461551,0.0,5.19636318041775,1.6860372188056278
清远市,Qingyuan,2015,1,4,1,13.986399083363976,68.13952110968143,80.441246852976,22.00115062180121,75.00773621875433,189.55291084181772,0.43768430686246723,0.40927839813406236,0.0519636318041775,0.0876126172461551,0.0,5.19636318041775,1.6860372188056278
清远市,Qingyuan,2015,2,4,0,16.29498089315735,73.34059427116678,100.87068889539027,22.00115062180121,75.00773621875433,189.55291084181772,0.6166570059287376,0.5766356883889077,0.17907169729200567,0.30192154646901653,0.07872516146383145,5.19636318041775,1.6860372188056278
清远市,Qingyuan,2015,3,5,0,18.9169207808144,84.0573507403432,154.1971126639172,22.00115062180121,75.00773621875433,189.55291084181772,0.8559720282935239,0.8004190579709809,0.1131975702305643,0.19085531648709536,0.2550078312794947,5.19636318041775,1.6860372188056278
清远市,Qingyuan,2015,4,4,0,22.0732898825859,76.22192214806428,173.270486232816,22.00115062180121,75.00773621875433,189.55291084181772,1.0610318583825802,0.9921704126908202,0.056887289898312994,0.09591408804554113,0.4962512519177294,5.19636318041775,1.6860372188056278
清远市,Qingyuan,2015,5,5,0,26.074614963878624,90.04290238061121,899.69345414411,22.00115062180121,75.00773621875433,189.55291084181772,1.6474557568316306,1.5405351358979913,0.06456971857468337,0.10886694872472123,0.8182927137950458,5.19636318041775,1.6860372188056278
清远市,Qingyuan,2015,6,4,0,29.0881141733168,84.75583220301768,251.6105463091838,22.00115062180121,75.00773621875433,189.55291084181772,1.6822155452154148,1.5730389983535045,0.0683949959524256,0.11531650875584983,1.0445617791705584,5.19636318041775,1.6860372188056278
清远市,Qingyuan,2015,7,4,0,28.188300144541174,81.62705998103402,314.999573119506,22.00115062180121,75.00773621875433,189.55291084181772,1.6187584258950825,1.5137002746697497,0.0668026094028767,0.11263168576658492,0.9803114822012359,5.19636318041775,1.6860372188056278
清远市,Qingyuan,2015,8,5,0,28.37156474613032,81.36363858605958,327.4154469989763,22.00115062180121,75.00773621875433,189.55291084181772,1.6374353295102098,1.531165038824763,0.06717853927987628,0.11326551753086724,0.9936817449395857,5.19636318041775,1.6860372188056278
清远市,Qingyuan,2015,9,4,0,27.45746451742528,77.9944551548501,98.56905440030678,22.00115062180121,75.00773621875433,189.55291084181772,1.4424109215525078,1.3487978028181644,0.06445018648128573,0.10866541316641105,0.9257543755645918,5.19636318041775,1.6860372188056278
清远市,Qingyuan,2015,10,4,0,23.815144793177325,71.11928072553297,124.7671045165782,22.00115062180121,75.00773621875433,189.55291084181772,1.1432672609421621,1.0690687005704254,0.05876810629291436,0.09908521448857885,0.6364861757814235,5.19636318041775,1.6860372188056278
清远市,Qingyuan,2015,11,5,0,19.63242490830922,77.19893529168536,116.51459544031124,22.00115062180121,75.00773621875433,189.55291084181772,0.8671405975727248,0.8108627820715961,0.05445677275971146,0.09181614568891398,0.30746767648707174,5.19636318041775,1.6860372188056278
清远市,Qingyuan,2015,12,4,0,14.095890324938653,74.46247894371785,162.9279660320082,22.00115062180121,75.00773621875433,189.55291084181772,0.4938917164052503,0.4618379214714255,0.0519636318041775,0.0876126172461551,0.0,5.19636318041775,1.6860372188056278
清远市,Qingyuan,2016,1,5,1,12.178628977616084,75.70653876889217,358.4643399411201,22.00115062180121,75.00773621875433,189.55291084181772,0.4159654528355334,0.38896910751961905,0.0519636318041775,0.0876126172461551,0.0,5.19636318041775,1.6860372188056278
清远市,Qingyuan,2016,2,4,0,14.401631879964576,67.8745897791146,58.648154668440775,22.00115062180121,75.00773621875433,189.55291084181772,0.4557434299209349,0.4261654759689048,0.0519636318041775,0.0876126172461551,0.0,5.19636318041775,1.6860372188056278
清远市,Qingyuan,2016,3,4,2,16.831992458871376,80.38199251876122,338.11460770552145,22.00115062180121,75.00773621875433,189.55291084181772,0.7504243387667068,0.7017214610524302,0.07564913524601875,0.12754725759524826,0.11251142015958927,5.19636318041775,1.6860372188056278
清远市,Qingyuan,2016,4,4,0,23.398458298366624,87.29047505951388,509.2872870130411,22.00115062180121,75.00773621875433,189.55291084181772,1.3178265278645989,1.2322989924161887,1.537518020073401,2.592312606428093,0.6027572843163951,5.19636318041775,1.6860372188056278
清远市,Qingyuan,2016,5,5,2,26.299363330347266,82.69827397392604,343.8378269542082,22.00115062180121,75.00773621875433,189.55291084181772,1.4803607615215961,1.3842846810737128,0.7463644044294675,1.2583981646597782,0.8360524658442869,5.19636318041775,1.6860372188056278
清远市,Qingyuan,2016,6,4,0,28.170428467805976,86.37759006192817,366.244747614883,22.00115062180121,75.00773621875433,189.55291084181772,1.6596257809302295,1.5519153199489872,3.0906153618593017,5.210892529107206,0.9790004940975153,5.19636318041775,1.6860372188056278
清远市,Qingyuan,2016,7,5,0,29.038700375854383,82.68780867308297,310.0289782025091,22.00115062180121,75.00773621875433,189.55291084181772,1.6927634845024955,1.5829023716281332,1.0407679984909313,1.7547735815975496,1.041130083162462,5.19636318041775,1.6860372188056278
清远市,Qingyuan,2016,8,4,0,28.3526894075472,82.94558268690932,342.4803851274359,22.00115062180121,75.00773621875433,189.55291084181772,1.649612286691941,1.5425517059986722,0.06727054124700685,0.1134206362716527,0.9923109470693185,5.19636318041775,1.6860372188056278
清远市,Qingyuan,2016,9,4,2,27.08666975902475,75.83954673205723,104.04034058511348,22.00115062180121,75.00773621875433,189.55291084181772,1.4052467212561939,1.3140455758666316,0.06375604081477368,0.1074950577373991,0.8974124815129734,5.19636318041775,1.6860372188056278
清远市,Qingyuan,2016,10,5,1,24.72275273681554,73.73710591578082,142.48500826344934,22.00115062180121,75.00773621875433,189.55291084181772,1.2326887333990413,1.1526866791730737,1.6886733001348915,2.847166034430754,0.7099542737428326,5.19636318041775,1.6860372188056278
清远市,Qingyuan,2016,11,4,0,18.582623104379227,78.43022390950338,95.40026450704416,22.00115062180121,75.00773621875433,189.55291084181772,0.7899506879570163,0.7386825323703946,0.32505724861573526,0.5480586194086838,0.23106477143774998,5.19636318041775,1.6860372188056278
清远市,Qingyuan,2016,12,4,0,16.288830266781126,66.36522007065051,9.93191176966589,22.00115062180121,75.00773621875433,189.55291084181772,0.5511081864246585,0.5153410168058156,0.06407608214553637,0.10803465933262109,0.07834585867324773,5.19636318041775,1.6860372188056278
清远市,Qingyuan,2017,1,5,0,15.39759612482182,73.87460815486652,72.55914732176538,22.00115062180121,75.00773621875433,189.55291084181772,0.5486619563492344,0.5130535481645156,0.05209350207625843,0.08783158335849996,0.025313200258638358,5.19636318041775,1.6860372188056278
清远市,Qingyuan,2017,2,4,0,15.181225870132526,66.39817466702655,54.59557310781437,22.00115062180121,75.00773621875433,189.55291084181772,0.49816458243836037,0.46583347657370666,0.052024364878896556,0.08771501547054393,0.013037507558659013,5.19636318041775,1.6860372188056278
清远市,Qingyuan,2017,3,4,0,17.212217275174876,82.82391383974247,198.886081001662,22.00115062180121,75.00773621875433,189.55291084181772,0.7462180697520151,0.6977881807920645,0.052921044849463555,0.08922685127427743,0.1372068303305582,5.19636318041775,1.6860372188056278
清远市,Qingyuan,2017,4,5,0,22.7425807972158,79.31124557354397,229.8111171370464,22.00115062180121,75.00773621875433,189.55291084181772,1.146022159354251,1.0716448048342597,0.05785598963342399,0.09754735185278542,0.5498424293819817,5.19636318041775,1.6860372188056278
清远市,Qingyuan,2017,5,4,0,25.730024230436022,81.3129808618192,206.618705266964,22.00115062180121,75.00773621875433,189.55291084181772,1.3753051911681105,1.286047264572404,0.06213490740605026,0.10476176647364219,0.7908943848385379,5.19636318041775,1.6860372188056278
清远市,Qingyuan,2017,6,4,0,27.78467608814653,87.57129199913015,404.78929326266655,22.00115062180121,75.00773621875433,189.55291084181772,1.6465528469508828,1.5396908252753396,0.06659702725971896,0.11228506662169914,0.9504112913658882,5.19636318041775,1.6860372188056278
清远市,Qingyuan,2017,7,5,2,28.23360281113002,84.35648376348482,366.1137293021108,22.00115062180121,75.00773621875433,189.55291084181772,1.655430361968257,1.5479921855680308,0.06719013306116434,0.11328506507762559,0.98362907764935,5.19636318041775,1.6860372188056278
清远市,Qingyuan,2017,8,4,2,29.128886068467423,80.29228354771317,154.2670941456979,22.00115062180121,75.00773621875433,189.55291084181772,1.6167955209434939,1.5118647631339703,3.2189699947946244,5.427303217442295,1.0473841444738434,5.19636318041775,1.6860372188056278
清远市,Qingyuan,2017,9,4,0,28.50314148020245,81.12573827780767,140.6390024023756,22.00115062180121,75.00773621875433,189.55291084181772,1.5634469776918998,1.461978564377342,3.865256810285271,6.516966842382891,1.003196119443363,5.19636318041775,1.6860372188056278
清远市,Qingyuan,2017,10,5,4,24.0374406574198,64.10325462370261,46.39720911256613,22.00115062180121,75.00773621875433,189.55291084181772,1.0794963367941093,1.0094365381336643,0.4483649304862325,0.7559599604069861,0.6544926859476093,5.19636318041775,1.6860372188056278
清远市,Qingyuan,2017,11,4,1,18.658412053128306,77.27048688391216,93.9704587222046,22.00115062180121,75.00773621875433,189.55291084181772,0.7902500752296887,0.7389624892741717,0.7509023778496176,1.2660493567441018,0.23645948075522613,5.19636318041775,1.6860372188056278
清远市,Qingyuan,2017,12,5,1,14.68890496061282,59.25623691239174,39.95543873282909,22.00115062180121,75.00773621875433,189.55291084181772,0.42753955944125843,0.39979204939153895,0.0519636318041775,0.0876126172461551,0.0,5.19636318041775,1.6860372188056278
清远市,Qingyuan,2018,1,4,0,12.375414691982185,67.2452963893608,95.35714209064516,22.00115062180121,75.00773621875433,189.55291084181772,0.3359736857304481,0.3141688421425701,0.0519636318041775,0.0876126172461551,0.0,5.19636318041775,1.6860372188056278
清远市,Qingyuan,2018,2,4,0,15.80020915602065,68.98785482024212,43.91934530313789,22.00115062180121,75.00773621875433,189.55291084181772,0.5451062754761831,0.5097286325822541,0.059424268083359814,0.10019152768882802,0.04878828852774198,5.19636318041775,1.6860372188056278
清远市,Qingyuan,2018,3,4,0,19.21009657846345,72.68953621521665,111.7391122117357,22.00115062180121,75.00773621875433,189.55291084181772,0.816761707882873,0.7637535050224781,0.05407396127410108,0.09117071127638861,0.2763102828394186,5.19636318041775,1.6860372188056278
清远市,Qingyuan,2018,4,5,0,22.45273480142022,76.79898191299168,141.38550423352353,22.00115062180121,75.00773621875433,189.55291084181772,1.0785442762048276,1.008546266705609,0.05727434944893303,0.0965666848537807,0.5265715436241569,5.19636318041775,1.6860372188056278
清远市,Qingyuan,2018,5,4,0,27.9903136282459,80.1592196210952,159.80258965939083,22.00115062180121,75.00773621875433,189.55291084181772,1.5272157018281745,1.428098714642363,0.06575506371918827,0.11086548475548703,0.9657197904883302,5.19636318041775,1.6860372188056278
清远市,Qingyuan,2018,6,4,0,27.43701332658695,84.3144368463689,686.7118009145869,22.00115062180121,75.00773621875433,189.55291084181772,1.6878087393651902,1.578269191682762,0.0665500246725758,0.11220581851039561,0.9242018373840386,5.19636318041775,1.6860372188056278
清远市,Qingyuan,2018,7,5,2,28.586861420205924,83.90096816691756,239.9773880696209,22.00115062180121,75.00773621875433,189.55291084181772,1.6314640690515148,1.5255813158603848,0.06735997524526154,0.1135714253213367,1.0092115891181412,5.19636318041775,1.6860372188056278
清远市,Qingyuan,2018,8,4,3,27.94910109222037,86.03573316792787,308.8430118941434,22.00115062180121,75.00773621875433,189.55291084181772,1.6175881729903971,1.5126059717058742,2.9642260978029986,4.997795525850827,0.962663945691836,5.19636318041775,1.6860372188056278
清远市,Qingyuan,2018,9,5,15,26.67017662079856,74.31195191992632,198.16262397238,22.00115062180121,75.00773621875433,189.55291084181772,1.4097136132210115,1.3182225645302277,4.157537531222148,7.009763016221806,0.8651325087043892,5.19636318041775,1.6860372188056278
清远市,Qingyuan,2018,10,4,5,21.9008125799152,71.32920200711888,72.93593582334377,22.00115062180121,75.00773621875433,189.55291084181772,0.9823239457184263,0.9185706790230034,7.099479843132696,11.969987249682065,0.4825322900166312,5.19636318041775,1.6860372188056278
清远市,Qingyuan,2018,11,4,1,19.814391038847774,75.90468873239854,53.73936004337298,22.00115062180121,75.00773621875433,189.55291084181772,0.8476868334051099,0.7926715759639914,2.4696230096738376,4.163876310728861,0.32105410178091964,5.19636318041775,1.6860372188056278
清远市,Qingyuan,2018,12,5,0,14.20009260963162,78.81656035313746,60.41983501131948,22.00115062180121,75.00773621875433,189.55291084181772,0.48174455980952136,0.4504791208120595,0.0519636318041775,0.0876126172461551,0.0,5.19636318041775,1.6860372188056278
清远市,Qingyuan,2019,1,4,1,14.661599669619823,72.03277003818573,7.043043544261412,22.00115062180121,75.00773621875433,189.55291084181772,0.4682539859725035,0.43786409129568493,0.0519636318041775,0.0876126172461551,0.0,5.19636318041775,1.6860372188056278
清远市,Qingyuan,2019,2,4,0,16.207617732019997,87.04650570920487,217.4488095042972,22.00115062180121,75.00773621875433,189.55291084181772,0.6940605996228781,0.6490157539755688,0.09957167007074755,0.16788154167791478,0.07335421054873527,5.19636318041775,1.6860372188056278
清远市,Qingyuan,2019,3,5,0,18.8794441298198,82.35329685762113,338.5074599330135,22.00115062180121,75.00773621875433,189.55291084181772,0.9056907046513186,0.8469109698307732,0.11606757248800044,0.19569424711118888,0.2523049173894944,5.19636318041775,1.6860372188056278
清远市,Qingyuan,2019,4,4,0,23.084943141315925,86.76016527084656,402.4246306905248,22.00115062180121,75.00773621875433,189.55291084181772,1.2602289811294942,1.1784395524166575,0.05876826249992863,0.09908547785941874,0.5774272156596143,5.19636318041775,1.6860372188056278
清远市,Qingyuan,2019,5,4,0,25.148080055328176,87.27488876147828,337.0238165527948,22.00115062180121,75.00773621875433,189.55291084181772,1.404992907081748,1.3138082343464714,0.061741696953080544,0.10409879901511182,0.7442536051516644,5.19636318041775,1.6860372188056278
清远市,Qingyuan,2019,6,5,0,28.232956037539417,85.8488187348594,351.6056074345684,22.00115062180121,75.00773621875433,189.55291084181772,1.6569414997039593,1.5494052497837931,0.06720329938788656,0.11330726399451421,0.983581770220259,5.19636318041775,1.6860372188056278
清远市,Qingyuan,2019,7,4,4,28.52167718652997,86.16699946713635,310.3111654410334,22.00115062180121,75.00773621875433,189.55291084181772,1.6664137442428983,1.5582627413841244,0.06761685723565307,0.1140045379179777,1.0045305593055263,5.19636318041775,1.6860372188056278
清远市,Qingyuan,2019,8,4,4,29.0561920752657,82.79856482055865,293.9847459217588,22.00115062180121,75.00773621875433,189.55291084181772,1.6881764313157448,1.5786130202600501,6.6338089686911115,11.184848823659792,1.0423462324862056,5.19636318041775,1.6860372188056278
清远市,Qingyuan,2019,9,5,36,27.30870518892914,68.02393992590991,72.4579848767512,22.00115062180121,75.00773621875433,189.55291084181772,1.3588030626887049,1.2706161316668874,6.093804175523587,10.27438064404591,0.914432284697564,5.19636318041775,1.6860372188056278
清远市,Qingyuan,2019,10,4,58,24.223328817338576,63.42102886155302,7.576959525720721,22.00115062180121,75.00773621875433,189.55291084181772,1.0663758393207208,0.9971675668581694,24.88863407908462,41.963163382570805,0.6695488838271342,5.19636318041775,1.6860372188056278
清远市,Qingyuan,2019,11,4,15,20.0568800209538,56.38865640117745,0.8567830712266451,22.00115062180121,75.00773621875433,189.55291084181772,0.7338129932616828,0.6861881993554692,16.070347101868094,27.095203332874764,0.33930245573057194,5.19636318041775,1.6860372188056278
清远市,Qingyuan,2019,12,5,0,16.28137408930042,57.61216067292817,14.853565989240716,22.00115062180121,75.00773621875433,189.55291084181772,0.5079419626230989,0.47497630037893607,1.250573694605889,2.1085137939647915,0.07788628129715029,5.19636318041775,1.6860372188056278
汕头市,Shantou,2005,1,5,0,13.86158720585558,75.71109880178167,21.235841360795824,22.471237455334435,78.90900712533801,129.05028412660965,0.4163384474341934,0.39331873359066927,0.11052393345044317,0.09092073645357278,0.0,11.052393345044317,0.8226339184203927
汕头市,Shantou,2005,2,4,0,14.672128249777325,82.9951216036943,89.78289028451677,22.471237455334435,78.90900712533801,129.05028412660965,0.5175301437358598,0.4889154532415825,0.11052393345044317,0.09092073645357278,0.0,11.052393345044317,0.8226339184203927
汕头市,Shantou,2005,3,4,0,16.1826240019229,77.45561259492308,93.3861988853573,22.471237455334435,78.90900712533801,129.05028412660965,0.5999357102907381,0.566764744552372,0.11093100796392114,0.09125560975568422,0.07182424760726315,11.052393345044317,0.8226339184203927
汕头市,Shantou,2005,4,4,0,21.833578526472376,81.2361733535549,44.60699137511127,22.471237455334435,78.90900712533801,129.05028412660965,0.9694073406262537,0.9158079680087265,0.11489413483586519,0.09451581234354872,0.47719626145253,11.052393345044317,0.8226339184203927
汕头市,Shantou,2005,5,5,0,25.8407680207121,87.24379750860923,288.5466386074008,22.471237455334435,78.90900712533801,129.05028412660965,1.3964987316012145,1.319285105565907,0.12107452090804618,0.0996000075554578,0.7997200463411087,11.052393345044317,0.8226339184203927
汕头市,Shantou,2005,6,4,0,26.944247641496723,87.72419884478995,292.7080517023247,22.471237455334435,78.90900712533801,129.05028412660965,1.4859764634167938,1.403815535986537,0.12296768834534742,0.10115739130263081,0.8864237911542524,11.052393345044317,0.8226339184203927
汕头市,Shantou,2005,7,5,0,28.710490283871923,83.37915452596758,108.65058380532848,22.471237455334435,78.90900712533801,129.05028412660965,1.5167202851776806,1.43285950517855,0.12511099254732844,0.10292054603667333,1.0180383383133962,11.052393345044317,0.8226339184203927
汕头市,Shantou,2005,8,4,0,27.47123139586485,87.06977407191937,292.7562283886201,22.471237455334435,78.90900712533801,129.05028412660965,1.5247181026092624,1.4404151163479373,0.12387368269298765,0.10190269298289681,0.9267987464885645,11.052393345044317,0.8226339184203927
汕头市,Shantou,2005,9,4,0,27.71244994320375,82.17664074880092,119.7572795260719,22.471237455334435,78.90900712533801,129.05028412660965,1.4411682926133005,1.361484847808309,0.1233899552321511,0.10150476236634129,0.9449992632984049,11.052393345044317,0.8226339184203927
汕头市,Shantou,2005,10,5,0,24.506300131103465,74.55720164815503,29.572533149387517,22.471237455334435,78.90900712533801,129.05028412660965,1.1174039321226954,1.0556216996058227,0.1178336325220108,0.09693394284329036,0.6924544156582918,11.052393345044317,0.8226339184203927
汕头市,Shantou,2005,11,4,0,21.19198060500528,76.0538750762598,13.976643988199095,22.471237455334435,78.90900712533801,129.05028412660965,0.8870194331559857,0.8379753593964437,0.11409918225200802,0.09386185738453189,0.4266532137818394,11.052393345044317,0.8226339184203927
汕头市,Shantou,2005,12,4,0,15.380675134566976,60.907897828120994,22.463621765272027,22.471237455334435,78.90900712533801,129.05028412660965,0.45132256158629974,0.42636854573004124,0.11062773078349727,0.09100612366038466,0.024344509953560512,11.052393345044317,0.8226339184203927
汕头市,Shantou,2006,1,5,0,15.247236301358402,77.7841746104133,37.871979979464165,22.471237455334435,78.90900712533801,129.05028412660965,0.5176518280406368,0.48903040951561316,0.11060588000599815,0.09098814846967003,0.016756944754447896,11.052393345044317,0.8226339184203927
汕头市,Shantou,2006,2,4,0,15.277197959281825,76.82116653273663,88.46001870909845,22.471237455334435,78.90900712533801,129.05028412660965,0.5372263952509698,0.5075226819281209,0.11061758471484943,0.09099777716017633,0.018452626402917956,11.052393345044317,0.8226339184203927
汕头市,Shantou,2006,3,4,0,18.079204212030128,81.27739215196205,101.8924280595073,22.471237455334435,78.90900712533801,129.05028412660965,0.7417516091500304,0.7007395193686605,0.11189563902285728,0.09204914798352688,0.19575113640657135,11.052393345044317,0.8226339184203927
汕头市,Shantou,2006,4,5,0,22.78142887924946,84.25727130122736,183.12081831973916,22.471237455334435,78.90900712533801,129.05028412660965,1.1140778368273276,1.0524795070040147,0.11634380450220712,0.09570835978158676,0.5529676362374758,11.052393345044317,0.8226339184203927
汕头市,Shantou,2006,5,4,0,24.5227429560362,85.08474588331877,423.7636131440085,22.471237455334435,78.90900712533801,129.05028412660965,1.3317617701978532,1.2581275069040572,0.11925262795971821,0.09810125662043227,0.6937845696382715,11.052393345044317,0.8226339184203927
汕头市,Shantou,2006,6,4,0,27.375703768706323,87.25508006707909,270.1458089588603,22.471237455334435,78.90900712533801,129.05028412660965,1.50883106115469,1.4254064831940112,0.1236311141736246,0.10170314789132776,0.9195398560143507,11.052393345044317,0.8226339184203927
汕头市,Shantou,2006,7,5,0,28.284562944015494,86.8457244857965,460.7024030336202,22.471237455334435,78.90900712533801,129.05028412660965,1.649535200136497,1.5583309683006554,0.12591013385059263,0.10357794677834914,0.987351256769797,11.052393345044317,0.8226339184203927
汕头市,Shantou,2006,8,4,0,28.451188258051022,84.47165033192323,112.3872205549817,22.471237455334435,78.90900712533801,129.05028412660965,1.5039356307795713,1.4207817254100756,0.12472390871588625,0.10260211774765687,0.9994480511314696,11.052393345044317,0.8226339184203927
汕头市,Shantou,2006,9,4,90,26.4229220886031,77.98716071513995,151.08177750297403,22.471237455334435,78.90900712533801,129.05028412660965,1.3403776849520432,1.2662670402590177,0.121233698363087,0.09973095232902221,0.8457745935212156,11.052393345044317,0.8226339184203927
汕头市,Shantou,2006,10,5,87,24.91837226911376,73.02165518013834,13.938810439874208,22.471237455334435,78.90900712533801,129.05028412660965,1.1281525558064842,1.0657760225639943,69.72400826709153,57.35733412873336,0.7257464447378625,11.052393345044317,0.8226339184203927
汕头市,Shantou,2006,11,4,0,21.53882629979708,76.32360424832213,142.85661688694773,22.471237455334435,78.90900712533801,129.05028412660965,0.9765911307318471,0.9225945601289746,47.84852335997414,39.361818262245215,0.45388776287156773,11.052393345044317,0.8226339184203927
汕头市,Shantou,2006,12,5,0,16.92447511047434,71.63398547311938,70.13558160183987,22.471237455334435,78.90900712533801,129.05028412660965,0.616925078103562,0.5828147554841685,1.912481871390163,1.5732724557696554,0.11846051145929563,11.052393345044317,0.8226339184203927
汕头市,Shantou,2007,1,4,0,14.633243710245448,69.80043688098093,25.06218976638385,22.471237455334435,78.90900712533801,129.05028412660965,0.4454891757632416,0.42085769286835917,0.11052393345044317,0.09092073645357278,0.0,11.052393345044317,0.8226339184203927
汕头市,Shantou,2007,2,4,0,17.7340376656814,77.24403080935795,23.20884627223435,22.471237455334435,78.90900712533801,129.05028412660965,0.6685910888487298,0.6316241076859808,0.11161086576193686,0.09181488384003457,0.17208531122660506,11.052393345044317,0.8226339184203927
汕头市,Shantou,2007,3,4,0,18.37917877543905,81.39291965752378,48.85226968641324,22.471237455334435,78.90900712533801,129.05028412660965,0.7382974874434602,0.6974763790469612,0.112035247877563,0.09216399496271964,0.21668324154359284,11.052393345044317,0.8226339184203927
汕头市,Shantou,2007,4,5,0,20.7757177588656,78.78320484933556,184.4008364941958,22.471237455334435,78.90900712533801,129.05028412660965,0.9500866598071166,0.8975555443886531,0.11406281538050184,0.09383194076252406,0.39427999216127363,11.052393345044317,0.8226339184203927
汕头市,Shantou,2007,5,4,0,25.503487911691675,84.16277910964045,192.0448150952796,22.471237455334435,78.90900712533801,129.05028412660965,1.318615704544415,1.245708298622008,0.12015060370134331,0.09883996192341178,0.7727868764741375,11.052393345044317,0.8226339184203927
汕头市,Shantou,2007,6,4,0,27.45123978487408,89.14451618017073,322.8671945604068,22.471237455334435,78.90900712533801,129.05028412660965,1.5435495741412544,1.4582053794866365,0.12401644486265277,0.10202013398593063,0.9252819665882493,11.052393345044317,0.8226339184203927
汕头市,Shantou,2007,7,5,0,29.020421778950656,83.88833601185937,64.73656449613627,22.471237455334435,78.90900712533801,129.05028412660965,1.5152868084920992,1.4315052866621498,0.12540955014533886,0.10316614964339883,1.039857612374215,11.052393345044317,0.8226339184203927
汕头市,Shantou,2007,8,4,0,27.46414714050453,87.21451337891467,407.12778675294,22.471237455334435,78.90900712533801,129.05028412660965,1.5668426770716597,1.4802105865542163,0.12423455276278231,0.10219955694245263,0.9262614007008355,11.052393345044317,0.8226339184203927
汕头市,Shantou,2007,9,5,1,27.41717806209694,76.75801266099641,142.6909119830223,22.471237455334435,78.90900712533801,129.05028412660965,1.404418231882521,1.326766729808181,0.12276594136992683,0.1009914273977111,0.9226948222656717,11.052393345044317,0.8226339184203927
汕头市,Shantou,2007,10,4,0,23.4992378080025,69.76199230793162,24.42283450589853,22.471237455334435,78.90900712533801,129.05028412660965,1.0200587703149133,0.963658836220578,0.699232697266227,0.5752125336397765,0.6109099420752165,11.052393345044317,0.8226339184203927
汕头市,Shantou,2007,11,4,0,19.91974104112768,64.57164564903947,24.40093785865689,22.471237455334435,78.90900712533801,129.05028412660965,0.7548638979799591,0.713126818377066,0.1809015236383258,0.14881572923881523,0.3289624807924436,11.052393345044317,0.8226339184203927
汕头市,Shantou,2007,12,5,0,17.3139936766588,71.33756341299281,8.538669028287492,22.471237455334435,78.90900712533801,129.05028412660965,0.6113859201150369,0.5775818623448681,0.11135519929111465,0.09160456392933337,0.14392173557817495,11.052393345044317,0.8226339184203927
汕头市,Shantou,2008,1,4,0,15.45714104941515,75.83043973508404,55.49141510948976,22.471237455334435,78.90900712533801,129.05028412660965,0.5322177898361439,0.5027910066505785,0.11066840358701913,0.09103958248811898,0.02873363577808572,11.052393345044317,0.8226339184203927
汕头市,Shantou,2008,2,4,0,13.6362524262641,69.50684929595292,40.78315075839997,22.471237455334435,78.90900712533801,129.05028412660965,0.3894845008139421,0.3679495649691282,0.11052393345044317,0.09092073645357278,0.0,11.052393345044317,0.8226339184203927
汕头市,Shantou,2008,3,5,0,18.76390216736194,75.34677828079614,57.88857771451547,22.471237455334435,78.90900712533801,129.05028412660965,0.7461642424624673,0.7049081743582337,0.11224391823141246,0.09233565427356498,0.24400125343066165,11.052393345044317,0.8226339184203927
汕头市,Shantou,2008,4,4,0,22.518232133416024,83.49360983625708,133.90647246530511,22.471237455334435,78.90900712533801,129.05028412660965,1.0710127649979464,1.0117955403458534,0.1159048901784596,0.09534729397159152,0.5318225385908608,11.052393345044317,0.8226339184203927
汕头市,Shantou,2008,5,4,0,24.36669668432495,79.65922388086165,145.45023345864055,22.471237455334435,78.90900712533801,129.05028412660965,1.1939520603788438,1.1279374154614987,0.1182069579725475,0.09724105302151143,0.6811569876827609,11.052393345044317,0.8226339184203927
汕头市,Shantou,2008,6,5,0,26.69204342610408,88.38100510754161,428.5513371492342,22.471237455334435,78.90900712533801,129.05028412660965,1.5171014972876262,1.4332196397403165,0.12294762433927242,0.10114088597069411,0.866837890323655,11.052393345044317,0.8226339184203927
汕头市,Shantou,2008,7,4,0,28.085754205338027,85.68404851756853,196.0708098053582,22.471237455334435,78.90900712533801,129.05028412660965,1.5248792005432215,1.4405673070374097,0.12453737436084496,0.10244866826024923,0.9727723822374569,11.052393345044317,0.8226339184203927
汕头市,Shantou,2008,8,5,0,28.04443533205938,85.12900962732681,190.9277471457934,22.471237455334435,78.90900712533801,129.05028412660965,1.5167374819721455,1.4328757511473345,0.12441886353734996,0.10235117723714232,0.9697233047443802,11.052393345044317,0.8226339184203927
汕头市,Shantou,2008,9,4,0,28.2193825204524,76.9273295539348,109.9342012023845,22.471237455334435,78.90900712533801,129.05028412660965,1.4480615330310653,1.3679969549849584,0.12396571517940153,0.10197840202781742,0.98258857082808,11.052393345044317,0.8226339184203927
汕头市,Shantou,2008,10,4,0,25.46203305681745,78.55891446649733,53.22326446762732,22.471237455334435,78.90900712533801,129.05028412660965,1.2191731556402023,1.1517640144919308,0.11938636706261552,0.09821127494269472,0.7694660972787692,11.052393345044317,0.8226339184203927
汕头市,Shantou,2008,11,5,0,20.154788705229443,63.496382997852,29.383907172618795,22.471237455334435,78.90900712533801,129.05028412660965,0.7667957216285799,0.7243989211478401,0.11303553396397963,0.09298686422552994,0.3467151096189807,11.052393345044317,0.8226339184203927
汕头市,Shantou,2008,12,4,0,15.992433669583026,63.349957464173,23.930874277719397,22.471237455334435,78.90900712533801,129.05028412660965,0.5013185054674779,0.47360017051320114,0.11080941650761596,0.09115558449953746,0.060279340031367576,11.052393345044317,0.8226339184203927
汕头市,Shantou,2009,1,4,0,14.274897029413776,66.33201115607133,5.862677436390828,22.471237455334435,78.90900712533801,129.05028412660965,0.40104860298315637,0.3788742779000121,0.11052393345044317,0.09092073645357278,0.0,11.052393345044317,0.8226339184203927
汕头市,Shantou,2009,2,4,0,18.80050529792017,82.85702982922103,21.558420827648035,22.471237455334435,78.90900712533801,129.05028412660965,0.7569469646492113,0.7150947104835588,0.11228754977812729,0.09237154706380575,0.24662695749651492,11.052393345044317,0.8226339184203927
汕头市,Shantou,2009,3,5,0,18.09440117900522,79.41438487388974,90.24374211038771,22.471237455334435,78.90900712533801,129.05028412660965,0.7314530804580384,0.691010405259828,0.11188386649877159,0.09203946350590858,0.19680355577526698,11.052393345044317,0.8226339184203927
汕头市,Shantou,2009,4,4,0,21.35884063003175,73.66261920160215,140.39917068537198,22.471237455334435,78.90900712533801,129.05028412660965,0.9511534358623978,0.898563337470637,0.11447516383013291,0.09417115258339864,0.43972753115123137,11.052393345044317,0.8226339184203927
汕头市,Shantou,2009,5,5,0,24.66626126300686,78.9070118327916,68.66875245991423,22.471237455334435,78.90900712533801,129.05028412660965,1.1727409377881137,1.1078990742349393,0.11833893536676228,0.09734962210245725,0.7053893353702599,11.052393345044317,0.8226339184203927
汕头市,Shantou,2009,6,4,0,27.735143128913474,86.20858636354575,192.50986073174693,22.471237455334435,78.90900712533801,129.05028412660965,1.4981563185040427,1.415321956322583,0.12392280937887801,0.1019431062610098,0.9467016228059516,11.052393345044317,0.8226339184203927
汕头市,Shantou,2009,7,4,0,28.475931181751275,85.43977442898952,143.4645106777461,22.471237455334435,78.90900712533801,129.05028412660965,1.5275137764222562,1.4430562149311592,0.12497231029893446,0.10280646131526165,1.0012345117948536,11.052393345044317,0.8226339184203927
汕头市,Shantou,2009,8,5,0,28.916119528390777,82.96343011936402,160.7622188603833,22.471237455334435,78.90900712533801,129.05028412660965,1.5595669198152668,1.4733371122266985,0.1257371034846249,0.10343560613038741,1.0325654534819686,11.052393345044317,0.8226339184203927
汕头市,Shantou,2009,9,4,1,28.175280342954824,80.19176041716557,150.47311379766597,22.471237455334435,78.90900712533801,129.05028412660965,1.4834675267160702,1.4014453205719644,0.12424907970605062,0.10221150729871611,0.9793565295866038,11.052393345044317,0.8226339184203927
汕头市,Shantou,2009,10,4,0,24.60096852531835,68.37500499116148,2.548452375673069,22.471237455334435,78.90900712533801,129.05028412660965,1.0732041309387008,1.0138657437632004,0.820342548103759,0.6748416047935647,0.7001110541704049,11.052393345044317,0.8226339184203927
汕头市,Shantou,2009,11,5,0,19.2787541216531,73.62224397146801,31.40212247648345,22.471237455334435,78.90900712533801,129.05028412660965,0.759770517004864,0.7177621461806374,0.17110417768067,0.14075610014354864,0.2813385304708854,11.052393345044317,0.8226339184203927
汕头市,Shantou,2009,12,4,0,16.2166732554954,75.68973396558106,55.55200049000035,22.471237455334435,78.90900712533801,129.05028412660965,0.5804220497137612,0.5483300111926386,0.11092920011614343,0.09125412255878296,0.07390926220120386,11.052393345044317,0.8226339184203927
汕头市,Shantou,2010,1,5,0,15.7688952928323,79.11610618712608,37.16435014757969,22.471237455334435,78.90900712533801,129.05028412660965,0.554931086555786,0.5242484654956466,0.11076998153575507,0.09112314395411274,0.046933486982985544,11.052393345044317,0.8226339184203927
汕头市,Shantou,2010,2,4,0,18.041951294587925,87.76794896920768,102.38477966979582,22.471237455334435,78.90900712533801,129.05028412660965,0.7598359720808489,0.7178239821887028,0.11191058977836607,0.09206144698211442,0.19317497914946583,11.052393345044317,0.8226339184203927
汕头市,Shantou,2010,3,4,0,18.23728547153273,76.08470255724134,53.65285269402754,22.471237455334435,78.90900712533801,129.05028412660965,0.7123086719616429,0.6729245077128932,0.11191514234931593,0.0920651920813938,0.2067407090880293,11.052393345044317,0.8226339184203927
汕头市,Shantou,2010,4,4,0,20.289601530245225,81.9201134920237,132.7166776344973,22.471237455334435,78.90900712533801,129.05028412660965,0.9076654293462745,0.8574798205513691,0.11358481293186097,0.09343871973518408,0.3569622757360772,11.052393345044317,0.8226339184203927
汕头市,Shantou,2010,5,5,0,24.29084548571552,84.52469751313883,183.24089565016112,22.471237455334435,78.90900712533801,129.05028412660965,1.2257756667548745,1.1580014670408012,0.11834063025970491,0.09735101637887994,0.6750161404576458,11.052393345044317,0.8226339184203927
汕头市,Shantou,2010,6,4,0,27.29670277328725,87.71610139042977,229.98105513192152,22.471237455334435,78.90900712533801,129.05028412660965,1.487505917592488,1.4052604253143814,0.12336121061605201,0.10148111607016622,0.9135158817794873,11.052393345044317,0.8226339184203927
汕头市,Shantou,2010,7,4,0,28.508943475988225,85.48605782894356,175.47929964518042,22.471237455334435,78.90900712533801,129.05028412660965,1.546960444134053,1.4614276595193303,0.12519102575488228,0.10298638406780711,1.0036139804048314,11.052393345044317,0.8226339184203927
汕头市,Shantou,2010,8,5,1,28.48492695479312,83.63359707775615,248.93794401919007,22.471237455334435,78.90900712533801,129.05028412660965,1.5710358880177286,1.4841719512303602,0.12539360543477115,0.10315303298366645,1.0018833715326052,11.052393345044317,0.8226339184203927
汕头市,Shantou,2010,9,4,0,27.648147981477152,82.84411076972552,220.40444714356676,22.471237455334435,78.90900712533801,129.05028412660965,1.4892372915903127,1.4068960701422684,1.4332399901438349,1.1790318291288278,0.9401661464301594,11.052393345044317,0.8226339184203927
汕头市,Shantou,2010,10,5,0,23.13079887745642,72.08276263542203,140.86324662789403,22.471237455334435,78.90900712533801,129.05028412660965,1.067372602703616,1.0083566457818416,0.28631936709839506,0.23553602287579958,0.5811284938496696,11.052393345044317,0.8226339184203927
汕头市,Shantou,2010,11,4,0,19.5406384961696,72.15488955631535,4.780280722510763,22.471237455334435,78.90900712533801,129.05028412660965,0.7557418233235403,0.7139562024669875,0.11267044748336467,0.09268653170341935,0.30065065973297606,11.052393345044317,0.8226339184203927
汕头市,Shantou,2010,12,4,0,15.513518735128075,61.19420903970303,30.494271014281654,22.471237455334435,78.90900712533801,129.05028412660965,0.46443201797821354,0.4387531689083861,0.1106642850669575,0.09103619445382259,0.031988741383568636,11.052393345044317,0.8226339184203927
汕头市,Shantou,2011,1,5,0,12.84424774411978,69.210629248001,16.263179729894773,22.471237455334435,78.90900712533801,129.05028412660965,0.3297487456090802,0.3115166514775819,0.11052393345044317,0.09092073645357278,0.0,11.052393345044317,0.8226339184203927
汕头市,Shantou,2011,2,4,0,15.4123192315013,77.99279430306767,47.94412036455953,22.471237455334435,78.90900712533801,129.05028412660965,0.5332950741831488,0.503808727011723,0.11065571599278523,0.09102914524275903,0.026157256767606,11.052393345044317,0.8226339184203927
汕头市,Shantou,2011,3,4,0,17.226473938564826,67.89048922414028,25.903097830550724,22.471237455334435,78.90900712533801,129.05028412660965,0.6001376560050167,0.5669555245129632,0.11130715316592496,0.09156503955710367,0.13814482470289094,11.052393345044317,0.8226339184203927
汕头市,Shantou,2011,4,4,0,21.322568765961325,76.15953731507079,76.10432998847301,22.471237455334435,78.90900712533801,129.05028412660965,0.9304465898454257,0.8790013909287199,0.11436412334336046,0.09407980691266171,0.43688098022915406,11.052393345044317,0.8226339184203927
汕头市,Shantou,2011,5,5,0,24.59234274405468,84.93051945002205,148.724142753699,22.471237455334435,78.90900712533801,129.05028412660965,1.234111016586036,1.1658759481506582,0.11867822820412617,0.09762873589874987,0.6994135839767125,11.052393345044317,0.8226339184203927
汕头市,Shantou,2011,6,4,1,27.971118657107095,86.32728268041262,237.3393814253469,22.471237455334435,78.90900712533801,129.05028412660965,1.5376614945714733,1.452642856942923,0.12453172912406135,0.10244402429699352,0.9642972879856709,11.052393345044317,0.8226339184203927
汕头市,Shantou,2011,7,5,0,28.21777187583944,86.30384559624,239.15461034850375,22.471237455334435,78.90900712533801,129.05028412660965,1.5577873085934417,1.4716558972527616,1.5563826868848412,1.280333188273736,0.9824706686756594,11.052393345044317,0.8226339184203927
汕头市,Shantou,2011,8,4,0,28.136833446645326,83.89657627388377,180.47567641171256,22.471237455334435,78.90900712533801,129.05028412660965,1.513282983532147,1.4296122549221246,0.5293428905556141,0.4354554162457419,0.9765327525305928,11.052393345044317,0.8226339184203927
汕头市,Shantou,2011,9,4,0,27.0691206669816,79.48673513034295,63.15309261147552,22.471237455334435,78.90900712533801,129.05028412660965,1.3469869885446428,1.27251090972382,0.12192641250725042,0.10030080247978058,0.8960613987413273,11.052393345044317,0.8226339184203927
汕头市,Shantou,2011,10,5,0,23.948916688049,75.6272235914858,89.74860083052586,22.471237455334435,78.90900712533801,129.05028412660965,1.118032728301425,1.0562157290984837,0.117361048084767,0.09654517885589599,0.6473217966711724,11.052393345044317,0.8226339184203927
汕头市,Shantou,2011,11,4,0,20.614496492632725,76.15404552943357,388.36062970296086,22.471237455334435,78.90900712533801,129.05028412660965,0.9924256956328136,0.9375536182034556,0.1141039079980037,0.09386574494347777,0.3818421131391379,11.052393345044317,0.8226339184203927
汕头市,Shantou,2011,12,4,0,15.89273481532565,66.971643179826,6.840417394459673,22.471237455334435,78.90900712533801,129.05028412660965,0.5033073104186759,0.4754790127137829,0.11078210400580119,0.09113311630914771,0.05429694023391622,11.052393345044317,0.8226339184203927
汕头市,Shantou,2012,1,5,0,13.95190853714592,81.23240678564692,72.5683266608876,22.471237455334435,78.90900712533801,129.05028412660965,0.4596281764792037,0.4342149359721654,0.11052393345044317,0.09092073645357278,0.0,11.052393345044317,0.8226339184203927
汕头市,Shantou,2012,2,4,0,15.4698157182618,83.56024259862156,113.2500409029676,22.471237455334435,78.90900712533801,129.05028412660965,0.5799465539005595,0.5478808059553401,0.11068536124270256,0.09105353243086108,0.02946403496977822,11.052393345044317,0.8226339184203927
汕头市,Shantou,2012,3,4,0,18.200796625098825,78.288472257927,46.82670326789949,22.471237455334435,78.90900712533801,129.05028412660965,0.7147394536005739,0.6752208893268226,0.1119027063088787,0.09205496177271928,0.20419582394883198,11.052393345044317,0.8226339184203927
汕头市,Shantou,2012,4,5,0,22.9769932542434,83.9120430074895,267.21293457264767,22.471237455334435,78.90900712533801,129.05028412660965,1.1591590327570431,1.095068124512445,0.11675180105717428,0.09604399158630142,0.56871965015911,11.052393345044317,0.8226339184203927
汕头市,Shantou,2012,5,4,0,25.552456766089527,83.87618915004963,156.10709503515417,22.471237455334435,78.90900712533801,129.05028412660965,1.3045971929290003,1.2324648826718814,0.12009657216525853,0.0987955137491641,0.7767068132653536,11.052393345044317,0.8226339184203927
汕头市,Shantou,2012,6,4,0,27.568089942633925,86.08555817708344,331.8510836872672,22.471237455334435,78.90900712533801,129.05028412660965,1.5432621033794163,1.45793380323254,0.12414292527958573,0.10212418106691563,0.9341296428511665,11.052393345044317,0.8226339184203927
汕头市,Shantou,2012,7,5,0,28.41574232969536,84.24811417174828,257.31643379848083,22.471237455334435,78.90900712533801,129.05028412660965,1.572084739349687,1.4851628106625197,0.12532928884074382,0.10310012397190228,0.9968843337584035,11.052393345044317,0.8226339184203927
汕头市,Shantou,2012,8,4,1,28.4569074252534,83.45941448886913,124.36010186106652,22.471237455334435,78.90900712533801,129.05028412660965,1.5065924980586656,1.4232916921930425,0.12475487498391317,0.10262759165006272,0.999861209865043,11.052393345044317,0.8226339184203927
汕头市,Shantou,2012,9,5,0,26.792954267702363,74.46098279690706,59.432948810856935,22.471237455334435,78.90900712533801,129.05028412660965,1.2991445273693845,1.2273136997200822,1.1840469281676698,0.9740371641121994,0.8746932385437146,11.052393345044317,0.8226339184203927
汕头市,Shantou,2012,10,4,0,23.47040705931517,71.6966467976248,33.14861017042539,22.471237455334435,78.90900712533801,129.05028412660965,1.0335104474730636,0.9763667584821906,0.2887823085257053,0.23756212203298774,0.6085772363941511,11.052393345044317,0.8226339184203927
汕头市,Shantou,2012,11,4,0,20.779460574793177,78.77908863300794,104.11661776879454,22.471237455334435,78.90900712533801,129.05028412660965,0.9171773826509986,0.8664658497082823,0.11394274286009148,0.09373316503456428,0.3945694352292516,11.052393345044317,0.8226339184203927
汕头市,Shantou,2012,12,5,0,16.16502833366402,73.96005956676316,61.2767408200676,22.471237455334435,78.90900712533801,129.05028412660965,0.5733319086965643,0.541631890221469,0.11090713216977824,0.09123596871759306,0.07074892122367162,11.052393345044317,0.8226339184203927
汕头市,Shantou,2013,1,4,0,15.3774631781988,71.61516196637895,2.463187817839505,22.471237455334435,78.90900712533801,129.05028412660965,0.4876969436570538,0.4607317566690777,0.11063524991834028,0.0910123091557437,0.024160797749625408,11.052393345044317,0.8226339184203927
汕头市,Shantou,2013,2,4,1,17.294265263141277,80.5623451213547,26.267480027393415,22.471237455334435,78.90900712533801,129.05028412660965,0.6529088791699946,0.6168089809813582,0.11140360622742089,0.0916443851170257,0.14261672642608603,11.052393345044317,0.8226339184203927
汕头市,Shantou,2013,3,5,0,19.07324440995856,77.65974470480288,143.83349707124836,22.471237455334435,78.90900712533801,129.05028412660965,0.8126326940448443,0.7677015276054028,0.3149874306533262,0.25911934433151745,0.26633201817461655,11.052393345044317,0.8226339184203927
汕头市,Shantou,2013,4,4,0,20.7112005047818,77.61782721207612,110.19387195190568,22.471237455334435,78.90900712533801,129.05028412660965,0.9105526180634582,0.8602073741003587,0.21098641170011942,0.17356457859032742,0.38929557869594783,11.052393345044317,0.8226339184203927
汕头市,Shantou,2013,5,4,0,25.85892323341855,89.57932508023106,231.1433431070067,22.471237455334435,78.90900712533801,129.05028412660965,1.3841037585706846,1.307575461344233,0.12099977226985982,0.09953851679032996,0.801165143359843,11.052393345044317,0.8226339184203927
汕头市,Shantou,2013,6,5,0,27.81578276014726,87.18664680112838,389.593579019992,22.471237455334435,78.90900712533801,129.05028412660965,1.5888950089174914,1.5010436258465931,0.12482492588697723,0.1026852178989392,0.9527366287217838,11.052393345044317,0.8226339184203927
汕头市,Shantou,2013,7,4,0,27.6287076013836,87.3173360962223,303.3753324266525,22.471237455334435,78.90900712533801,129.05028412660965,1.5424348693348957,1.4571523076757904,0.12420225483661257,0.10217298757289077,0.9387022423199401,11.052393345044317,0.8226339184203927
汕头市,Shantou,2013,8,4,0,28.3315630684507,85.8868276908927,215.49204762884165,22.471237455334435,78.90900712533801,129.05028412660965,1.5541716725394825,1.4682401728520196,0.12507088916412068,0.10288755563340322,0.9907749415015948,11.052393345044317,0.8226339184203927
汕头市,Shantou,2013,9,5,0,26.99013319035018,76.87049478436697,178.32762951786054,22.471237455334435,78.90900712533801,129.05028412660965,1.3903353740860984,1.313462525433201,0.1222133557982408,0.10053685176361245,0.8899699931630917,11.052393345044317,0.8226339184203927
汕头市,Shantou,2013,10,4,0,23.956355800585577,67.63987362578445,7.638545631292725,22.471237455334435,78.90900712533801,129.05028412660965,1.0285982107405895,0.9717261235789736,0.11681998412144122,0.09610008128762924,0.6479244015596698,11.052393345044317,0.8226339184203927
汕头市,Shantou,2013,11,4,0,20.27277539484248,69.73964723684392,57.411322246231805,22.471237455334435,78.90900712533801,129.05028412660965,0.8213856313001894,0.775970507368592,0.11328391152429117,0.09319118803121672,0.35568079555077475,11.052393345044317,0.8226339184203927
汕头市,Shantou,2013,12,5,0,15.13407195834852,63.4416071588981,88.58090302323131,22.471237455334435,78.90900712533801,129.05028412660965,0.4752830060445738,0.44900419643363737,0.11057060501058227,0.0909591300619688,0.010394459675390039,11.052393345044317,0.8226339184203927
汕头市,Shantou,2014,1,4,0,14.164703633727347,66.53557931500876,5.882560385983807,22.471237455334435,78.90900712533801,129.05028412660965,0.3951896649451744,0.37333928562753044,0.11052393345044317,0.09092073645357278,0.0,11.052393345044317,0.8226339184203927
汕头市,Shantou,2014,2,4,0,14.5794639702971,79.51733530604555,82.01315388450459,22.471237455334435,78.90900712533801,129.05028412660965,0.4984456807340257,0.4708861867508248,0.11052393345044317,0.09092073645357278,0.0,11.052393345044317,0.8226339184203927
汕头市,Shantou,2014,3,5,0,17.94487631265406,80.74131523803307,99.33221657206614,22.471237455334435,78.90900712533801,129.05028412660965,0.7298730134405683,0.6895177015181253,0.11180979201773845,0.09197852732532133,0.18648666516670706,11.052393345044317,0.8226339184203927
汕头市,Shantou,2014,4,4,0,22.19515295747355,82.63837010369623,102.24456306809066,22.471237455334435,78.90900712533801,129.05028412660965,1.0300176616451402,0.9730670918119405,0.11544735293450381,0.09497090831577289,0.5059691695968033,11.052393345044317,0.8226339184203927
汕头市,Shantou,2014,5,4,0,25.08767703886725,89.48810601500425,345.995166942187,22.471237455334435,78.90900712533801,129.05028412660965,1.3677721612092746,1.292146852165116,0.12007795642207952,0.09878019980740843,0.7393914210004587,11.052393345044317,0.8226339184203927
汕头市,Shantou,2014,6,5,0,28.05046562893624,86.15936690569256,305.5855556715163,22.471237455334435,78.90900712533801,129.05028412660965,1.5717594655856317,1.4848555215669845,0.12492953702071288,0.10277127456579455,0.9701687040276696,11.052393345044317,0.8226339184203927
汕头市,Shantou,2014,7,4,0,29.44727035168935,82.79077055095185,125.66634068447809,22.471237455334435,78.90900712533801,129.05028412660965,1.5808911732634083,1.4934823292074462,0.12649118198526516,0.10405593668216566,1.0691287216833298,11.052393345044317,0.8226339184203927
汕头市,Shantou,2014,8,5,0,28.4999193746341,84.87997573304531,142.2684216227776,22.471237455334435,78.90900712533801,129.05028412660965,1.5262321249640856,1.4418454270936705,0.12498512402786223,0.10281700232329907,1.00296400055646,11.052393345044317,0.8226339184203927
汕头市,Shantou,2014,9,4,79,27.9194425816295,82.56454567051279,111.22963202834356,22.471237455334435,78.90900712533801,129.05028412660965,1.453914407166311,1.3735262186331452,0.12371611685909153,0.10177307398354968,0.9604609820827785,11.052393345044317,0.8226339184203927
汕头市,Shantou,2014,10,4,111,24.240086459150724,70.24074252262575,2.515400428787986,22.471237455334435,78.90900712533801,129.05028412660965,1.0587362453727318,1.0001978001379817,53.122577353773686,43.700433965125264,0.6709059456015549,11.052393345044317,0.8226339184203927
汕头市,Shantou,2014,11,5,57,20.58598389320896,75.18785454744852,71.31611830287189,22.471237455334435,78.90900712533801,129.05028412660965,0.8738070707914276,0.825493520005931,42.325162112545144,34.81811395642136,0.37964860384588994,11.052393345044317,0.8226339184203927
汕头市,Shantou,2014,12,4,0,14.656973336686924,60.78812654135328,35.927628108091874,22.471237455334435,78.90900712533801,129.05028412660965,0.4127818451529057,0.38995877893410863,0.11052393345044317,0.09092073645357278,0.0,11.052393345044317,0.8226339184203927
汕头市,Shantou,2015,1,4,0,14.6769454444684,71.06805319844507,46.5068980916785,22.471237455334435,78.90900712533801,129.05028412660965,0.46221350347556267,0.43665731799667545,0.11052393345044317,0.09092073645357278,0.0,11.052393345044317,0.8226339184203927
汕头市,Shantou,2015,2,4,0,15.8276335861926,76.03459609159836,20.88724092882532,22.471237455334435,78.90900712533801,129.05028412660965,0.5408529369679334,0.5109487090083012,0.11078153677479669,0.09113264968568383,0.0504166699732919,11.052393345044317,0.8226339184203927
汕头市,Shantou,2015,3,5,0,18.86001548528496,82.64128407317533,43.99803338363769,22.471237455334435,78.90900712533801,129.05028412660965,0.7720861649298058,0.7293968512506089,0.1123540303342037,0.09242623622414965,0.2509055092056791,11.052393345044317,0.8226339184203927
汕头市,Shantou,2015,4,4,0,21.9353107756788,75.61089012637605,80.92439172958522,22.471237455334435,78.90900712533801,129.05028412660965,0.972594642322705,0.918819041030076,0.11498271293128534,0.09458867968927041,0.48527286459404334,11.052393345044317,0.8226339184203927
汕头市,Shantou,2015,5,5,0,26.17962058574288,88.141235069068,363.9290217659435,22.471237455334435,78.90900712533801,129.05028412660965,1.4538705063563322,1.3734847451370247,0.12187718566977779,0.10026030681357903,0.826601988812185,11.052393345044317,0.8226339184203927
汕头市,Shantou,2015,6,4,0,29.0814223125861,85.2806978307014,95.9648849240039,22.471237455334435,78.90900712533801,129.05028412660965,1.5463713655372822,1.460871151589075,0.12577685630061136,0.10346830814517058,1.0440977517816468,11.052393345044317,0.8226339184203927
汕头市,Shantou,2015,7,4,0,27.991746274537448,84.93688525345185,302.6911137638928,22.471237455334435,78.90900712533801,129.05028412660965,1.5604580504680536,1.4741789714928268,0.124761935869293,0.10263340017387024,0.9658259067711243,11.052393345044317,0.8226339184203927
汕头市,Shantou,2015,8,5,1,28.1938369997238,84.6347879599875,243.74782405754357,22.471237455334435,78.90900712533801,129.05028412660965,1.5504562671243716,1.4647301954246328,0.12488879717320063,0.1027377605853997,0.9807173886104676,11.052393345044317,0.8226339184203927
汕头市,Shantou,2015,9,4,5,27.025228835210623,81.05117632500195,128.8520340185614,22.471237455334435,78.90900712533801,129.05028412660965,1.388884198735323,1.3120915868261553,1.2817999846373638,1.0544521439934338,0.8926785774308209,11.052393345044317,0.8226339184203927
汕头市,Shantou,2015,10,4,9,24.58321685539317,73.87198425499763,42.47031297703848,22.471237455334435,78.90900712533801,129.05028412660965,1.1275322016986433,1.0651899683728008,4.0549020151686745,3.3356999335489532,0.6986756368972964,11.052393345044317,0.8226339184203927
汕头市,Shantou,2015,11,5,6,22.34113790442128,76.64181805856342,22.413288224277856,22.471237455334435,78.90900712533801,129.05028412660965,0.9725699946765299,0.9187957561736345,5.104340714310438,4.199003802765942,0.51763582382858,11.052393345044317,0.8226339184203927
汕头市,Shantou,2015,12,4,0,17.0862721641001,76.00920420265622,91.16067844283192,22.471237455334435,78.90900712533801,129.05028412660965,0.6529767658191444,0.6168731141187993,0.8026145065734603,0.6602579165235757,0.12895786632310977,11.052393345044317,0.8226339184203927
汕头市,Shantou,2016,1,5,1,14.38497308687838,79.30461338824048,183.9402000943768,22.471237455334435,78.90900712533801,129.05028412660965,0.5190433933190391,0.49034503394288625,0.11052393345044317,0.09092073645357278,0.0,11.052393345044317,0.8226339184203927
汕头市,Shantou,2016,2,4,1,15.24086697365675,71.64196379281057,44.42100384552343,22.471237455334435,78.90900712533801,129.05028412660965,0.4988350751822863,0.4712540512423244,0.11825111970410847,0.09727738195978966,0.016397071247015935,11.052393345044317,0.8226339184203927
汕头市,Shantou,2016,3,4,1,16.760250949567975,81.45820833875345,161.70221001142875,22.471237455334435,78.90900712533801,129.05028412660965,0.676343458091389,0.638947841709685,0.20016782863180296,0.16466484520908173,0.10792249061001032,11.052393345044317,0.8226339184203927
汕头市,Shantou,2016,4,4,0,22.76124884517117,88.90278540031213,211.98300649735037,22.471237455334435,78.90900712533801,129.05028412660965,1.1410739957401612,1.0779830248771425,0.883165312565963,0.726521741689109,0.5513440459457053,11.052393345044317,0.8226339184203927
汕头市,Shantou,2016,5,5,0,26.20984908908202,85.91119450119047,128.4849487036355,22.471237455334435,78.90900712533801,129.05028412660965,1.3485210311790876,1.2739601338105513,0.42735410596144063,0.3515559827401036,0.8289902854948438,11.052393345044317,0.8226339184203927
汕头市,Shantou,2016,6,4,0,28.4854453106464,87.43147832976078,239.3269677350398,22.471237455334435,78.90900712533801,129.05028412660965,1.5839575493631455,1.496379162713201,0.12551646677661385,0.10325410289072888,1.0019207497507894,11.052393345044317,0.8226339184203927
汕头市,Shantou,2016,7,5,0,28.870402410624425,83.69720595175208,175.4553576680051,22.471237455334435,78.90900712533801,129.05028412660965,1.5670356306626592,1.4803928715738233,0.12576239810438372,0.10345641434255455,1.0293527445684294,11.052393345044317,0.8226339184203927
汕头市,Shantou,2016,8,4,3,27.9871183312781,86.68201774129338,415.1917955350817,22.471237455334435,78.90900712533801,129.05028412660965,1.609381171293079,1.5203970905370539,0.12520311021785646,0.10299632515693556,0.9654830871998124,11.052393345044317,0.8226339184203927
汕头市,Shantou,2016,9,4,5,27.465779790715825,81.77710584798898,178.72607219473036,22.471237455334435,78.90900712533801,129.05028412660965,1.4508615735354677,1.3706421788214338,3.9197520352338464,3.2245209759807283,0.9263852522664041,11.052393345044317,0.8226339184203927
汕头市,Shantou,2016,10,5,1,25.422546139105783,80.60125393561202,351.1660745434885,22.471237455334435,78.90900712533801,129.05028412660965,1.3580619688157887,1.2829735447305888,5.911073237410522,4.862649339360934,0.7663010308058942,11.052393345044317,0.8226339184203927
汕头市,Shantou,2016,11,4,0,20.872001648397376,80.17960955830537,116.1611808364837,22.471237455334435,78.90900712533801,129.05028412660965,0.9344378550223358,0.8827719755924265,0.9971264145750812,0.8202700095823761,0.4017356715610012,11.052393345044317,0.8226339184203927
汕头市,Shantou,2016,12,4,0,18.1617194471972,72.58918747088173,55.02965562162164,22.471237455334435,78.90900712533801,129.05028412660965,0.6942136789484293,0.6558300025569309,0.1501641108922361,0.12353009094939456,0.20147587681383367,11.052393345044317,0.8226339184203927
汕头市,Shantou,2017,1,5,0,16.59878445788504,78.73278655868175,29.801876958462863,22.471237455334435,78.90900712533801,129.05028412660965,0.603586590127627,0.570213764076719,0.11108090859201203,0.09137892309674432,0.0976783053405778,11.052393345044317,0.8226339184203927
汕头市,Shantou,2017,2,4,0,15.160891651792076,70.1467394108742,53.82979626106369,22.471237455334435,78.90900712533801,129.05028412660965,0.49208100935032156,0.4648734235679219,0.11057923628091233,0.09096623043770136,0.011896320087457179,11.052393345044317,0.8226339184203927
汕头市,Shantou,2017,3,4,0,17.999547322977225,79.89078831025725,55.27591688928427,22.471237455334435,78.90900712533801,129.05028412660965,0.7111351567930055,0.6718158772157041,0.11180205643394497,0.09197216377171404,0.19024899929410555,11.052393345044317,0.8226339184203927
汕头市,Shantou,2017,4,5,0,22.5480107569321,81.45710687979211,133.7518132168068,22.471237455334435,78.90900712533801,129.05028412660965,1.0651406036237716,1.0062480558669054,0.11589942582665111,0.09534279881045166,0.5342114546076647,11.052393345044317,0.8226339184203927
汕头市,Shantou,2017,5,4,0,25.3708528088658,82.72234265703295,153.4754173370996,22.471237455334435,78.90900712533801,129.05028412660965,1.2849277919932924,1.213883019972923,0.11977560121104792,0.09853147215540269,0.7621548047365483,11.052393345044317,0.8226339184203927
汕头市,Shantou,2017,6,4,0,27.892499209314572,88.87225426055048,369.8551497061955,22.471237455334435,78.90900712533801,129.05028412660965,1.5952279684321893,1.5070264305372305,0.12496813286096818,0.1028030248130985,0.9584569399606271,11.052393345044317,0.8226339184203927
汕头市,Shantou,2017,7,5,0,28.4827229991881,86.40578368790476,253.742569070478,22.471237455334435,78.90900712533801,129.05028412660965,1.5856252798601849,1.4979546829446584,0.12552931150974167,0.10326466940387288,1.0017244333320647,11.052393345044317,0.8226339184203927
汕头市,Shantou,2017,8,4,0,28.96401669590615,82.91462607002235,141.47835752330587,22.471237455334435,78.90900712533801,129.05028412660965,1.5527482693675343,1.4668954708759474,0.1257198066516812,0.10342137716892666,1.0359206571252084,11.052393345044317,0.8226339184203927
汕头市,Shantou,2017,9,4,13,28.50446477360948,81.46354736764056,97.556810759352,22.471237455334435,78.90900712533801,129.05028412660965,1.4853233796883987,1.4031985618238958,0.12460210445115609,0.10250191742808158,1.0032914359899237,11.052393345044317,0.8226339184203927
汕头市,Shantou,2017,10,5,5,25.16811053636742,70.2488242334626,84.09628051592449,22.471237455334435,78.90900712533801,129.05028412660965,1.1737033027176855,1.1088082291729084,10.861803442567151,8.935287927071126,0.7458652262332,11.052393345044317,0.8226339184203927
汕头市,Shantou,2017,11,4,1,20.9724827536148,75.39249721189086,36.43001479029987,22.471237455334435,78.90900712533801,129.05028412660965,0.8825730835797474,0.8337748523445365,3.149537242861892,2.590916163306438,0.4095376211415061,11.052393345044317,0.8226339184203927
汕头市,Shantou,2017,12,5,0,16.4178992161459,64.29759256316846,28.080392091811788,22.471237455334435,78.90900712533801,129.05028412660965,0.5340607177182066,0.5045320374516948,0.21943014329465269,0.18051067859802838,0.08634235430857963,11.052393345044317,0.8226339184203927
汕头市,Shantou,2018,1,4,0,13.904871399455024,73.90111800633008,70.88689250328707,22.471237455334435,78.90900712533801,129.05028412660965,0.43339131070852105,0.4094287292648342,0.11052393345044317,0.09092073645357278,0.0,11.052393345044317,0.8226339184203927
汕头市,Shantou,2018,2,4,0,15.379728911500177,73.22406091491041,23.395903265306785,22.471237455334435,78.90900712533801,129.05028412660965,0.5039286661910404,0.4760660131865996,0.11063957171292414,0.09101586441055683,0.024290383954724687,11.052393345044317,0.8226339184203927
汕头市,Shantou,2018,3,4,0,18.412100651785472,73.74256443129035,44.10199039222771,22.471237455334435,78.90900712533801,129.05028412660965,0.7099997170988624,0.6707432169670022,0.11199286452300364,0.09212912897768266,0.21900051098582107,11.052393345044317,0.8226339184203927
汕头市,Shantou,2018,4,5,0,23.09726319803666,77.29541415085615,27.65994911121878,22.471237455334435,78.90900712533801,129.05028412660965,1.0306692507130575,0.973682653955178,0.1161559232843621,0.09555380231915332,0.578421502225733,11.052393345044317,0.8226339184203927
汕头市,Shantou,2018,5,4,0,27.6035558369996,80.40811491835825,45.816691770831845,22.471237455334435,78.90900712533801,129.05028412660965,1.3795889263546788,1.303310258117105,0.12273342752732215,0.10096468040796631,0.9368064128120999,11.052393345044317,0.8226339184203927
汕头市,Shantou,2018,6,4,4,27.56554622927857,84.0872234208866,186.397764030376,22.471237455334435,78.90900712533801,129.05028412660965,1.4727973699799597,1.3913651260558806,0.1235184141355524,0.10161043701740229,0.9339375007870744,11.052393345044317,0.8226339184203927
汕头市,Shantou,2018,7,5,0,28.685189836992254,83.54349612764676,166.1233424074062,22.471237455334435,78.90900712533801,129.05028412660965,1.5470829283361305,1.461543371463646,6.051624716053297,4.97827175297662,1.016237509368813,11.052393345044317,0.8226339184203927
汕头市,Shantou,2018,8,4,9,27.9895514077687,85.72663233796418,315.7933151969516,22.471237455334435,78.90900712533801,129.05028412660965,1.5690037252429274,1.482252148497846,1.8281517875544582,1.5038996684631691,0.965663329641488,11.052393345044317,0.8226339184203927
汕头市,Shantou,2018,9,5,3,27.08868104246194,75.95072620602355,170.56960912582645,22.471237455334435,78.90900712533801,129.05028412660965,1.3892615895093927,1.3124481113370206,10.712618197214812,8.812563084116425,0.89756727414658,11.052393345044317,0.8226339184203927
汕头市,Shantou,2018,10,4,4,23.142365124347627,73.97934553780652,133.68735741599752,22.471237455334435,78.90900712533801,129.05028412660965,1.0744005615044843,1.0149960226453532,3.478032092698054,2.8611471688080785,0.5820622859106379,11.052393345044317,0.8226339184203927
汕头市,Shantou,2018,11,4,6,21.3097141778608,80.03818650374207,45.57107285754244,22.471237455334435,78.90900712533801,129.05028412660965,0.9293233975383759,0.8779403008984569,1.9856082307624219,1.6334286793198745,0.4358727630636546,11.052393345044317,0.8226339184203927
汕头市,Shantou,2018,12,5,1,17.67680871807632,75.97654716906887,50.258314366694506,22.471237455334435,78.90900712533801,129.05028412660965,0.673612505398674,0.6363678857598698,0.8812199381089235,0.7249214106767197,0.16820633811573843,11.052393345044317,0.8226339184203927
汕头市,Shantou,2019,1,4,0,16.46418999721775,75.54236654174625,9.240455032440844,22.471237455334435,78.90900712533801,129.05028412660965,0.5737073765569449,0.5419865981382108,0.24593466931963523,0.20231420069783507,0.08922910135096661,11.052393345044317,0.8226339184203927
汕头市,Shantou,2019,2,4,1,17.647269825482297,85.22205763513927,26.31538470230141,22.471237455334435,78.90900712533801,129.05028412660965,0.6905903451145868,0.6524070059932315,0.14305476361338498,0.1176817007399819,0.16620928277441632,11.052393345044317,0.8226339184203927
汕头市,Shantou,2019,3,5,0,18.84561793913038,80.62053029099309,164.20041863995962,22.471237455334435,78.90900712533801,129.05028412660965,0.8157561831804464,0.7706523163177362,0.3030862833271214,0.24932905687286322,0.249869293583341,11.052393345044317,0.8226339184203927
汕头市,Shantou,2019,4,4,1,23.187754675290275,84.24441496403168,118.24249572173495,22.471237455334435,78.90900712533801,129.05028412660965,1.1145900126250816,1.0529633641577076,0.29554883788110486,0.2431284985907267,0.58572757840335,11.052393345044317,0.8226339184203927
汕头市,Shantou,2019,5,4,0,24.8898861591994,83.53898193852397,221.9998714390496,22.471237455334435,78.90900712533801,129.05028412660965,1.2826664554629479,1.2117467147005687,0.9871601778635195,0.8120714452244389,0.7234484185333231,11.052393345044317,0.8226339184203927
汕头市,Shantou,2019,6,5,2,28.11416859854484,86.68183115112484,243.67673157012328,22.471237455334435,78.90900712533801,129.05028412660965,1.5532632497921908,1.4673819775862889,0.5396739243160141,0.44395407502939316,0.9748654347690346,11.052393345044317,0.8226339184203927
汕头市,Shantou,2019,7,4,108,28.698816505862503,86.24894340141645,210.9483293566975,22.471237455334435,78.90900712533801,129.05028412660965,1.5825899697016517,1.4950871977172753,3.1521526026622277,2.5930676469870675,1.0172077835512856,11.052393345044317,0.8226339184203927
汕头市,Shantou,2019,8,4,572,28.99583098709825,84.00831851945068,230.56653645629507,22.471237455334435,78.90900712533801,129.05028412660965,1.604971551025011,1.5162312819980135,171.05399297772564,140.71481650472077,1.0381431323686303,11.052393345044317,0.8226339184203927
汕头市,Shantou,2019,9,5,224,27.90406271337628,74.22196292599176,71.5502717269257,22.471237455334435,78.90900712533801,129.05028412660965,1.3869697306409754,1.3102829713331374,759.8275365398331,625.059903707477,0.9593173503717002,11.052393345044317,0.8226339184203927
汕头市,Shantou,2019,10,4,28,24.75616644476895,71.17703409750143,12.293450169724856,22.471237455334435,78.90900712533801,129.05028412660965,1.1061088887605974,1.0449511689872586,294.7091330458921,242.43772891181905,0.7126534845762569,11.052393345044317,0.8226339184203927
汕头市,Shantou,2019,11,4,6,20.80917902471155,67.43442883455008,0.440315841377181,22.471237455334435,78.90900712533801,129.05028412660965,0.8135135942524755,0.7685337220765609,29.147191787677137,23.977468591247533,0.3968687469579973,11.052393345044317,0.8226339184203927
汕头市,Shantou,2019,12,5,2,17.32086779330652,70.11684531299439,93.78810477063293,22.471237455334435,78.90900712533801,129.05028412660965,0.6459755738971906,0.6102590241702525,1.379268530407463,1.1346330757230279,0.14437683047353073,11.052393345044317,0.8226339184203927
深圳市,Shenzhen,2005,1,5,0,14.94493459214582,70.58476235596916,21.58052231511213,23.129240212468392,77.62470308520507,150.19381918222928,0.4093757653233635,0.4073768008948084,0.026593023570369956,0.026215883957079033,0.0,0.13296511785184978,0.9858180995367848
深圳市,Shenzhen,2005,2,4,0,15.7677299854442,79.65896316296465,54.80257731538064,23.129240212468392,77.62470308520507,150.19381918222928,0.5016111225650565,0.49916177681498963,0.04998601863644003,0.04927712189558562,0.04686455604700779,0.13296511785184978,0.9858180995367848
深圳市,Shenzhen,2005,3,4,0,18.319841450481075,78.72747739644035,63.01033564751259,23.129240212468392,77.62470308520507,150.19381918222928,0.6574059693381382,0.6541958839858978,0.16562046836619396,0.1632716553691535,0.2125165385461535,0.13296511785184978,0.9858180995367848
深圳市,Shenzhen,2005,4,4,0,23.015488406789625,81.1386070821265,79.42951962661144,23.129240212468392,77.62470308520507,150.19381918222928,0.9717072583367793,0.9669624531750723,0.5795252003117863,0.5713064316050397,0.5718238334134219,0.13296511785184978,0.9858180995367848
深圳市,Shenzhen,2005,5,5,1,26.93817067031366,86.28657737406206,406.3025020448701,23.129240212468392,77.62470308520507,150.19381918222928,1.3891076662602266,1.3823247126818827,1.251268759338959,1.2335233903412832,0.8859537303594647,0.13296511785184978,0.9858180995367848
深圳市,Shenzhen,2005,6,4,1,27.33512029346177,88.56597861137332,471.5584849176703,23.129240212468392,77.62470308520507,150.19381918222928,1.447749967974327,1.4406806665340317,1.346901386085741,1.3277997646945066,0.9164476161755883,0.13296511785184978,0.9858180995367848
深圳市,Shenzhen,2005,7,5,0,29.150223888554184,82.354259686374,190.673397875796,23.129240212468392,77.62470308520507,150.19381918222928,1.4511483055600036,1.4440624101819977,1.995594140213679,1.967292822752193,1.0488578837675626,0.13296511785184978,0.9858180995367848
深圳市,Shenzhen,2005,8,4,3,27.767640090761148,86.73668200402555,437.3053139795898,23.129240212468392,77.62470308520507,150.19381918222928,1.4619777427991547,1.4548389677402882,1.4074335958939708,1.3874735127284175,0.9491363669398926,0.13296511785184978,0.9858180995367848
深圳市,Shenzhen,2005,9,4,2,27.9752344304784,82.25169585651335,170.3407452253054,23.129240212468392,77.62470308520507,150.19381918222928,1.3571691578438334,1.3505421586419657,3.934801703221833,3.878998737124251,0.9646024140856521,0.13296511785184978,0.9858180995367848
深圳市,Shenzhen,2005,10,5,0,25.4017800967692,69.59370433734429,10.29947510443424,23.129240212468392,77.62470308520507,150.19381918222928,1.0359148045797346,1.0308564767040411,2.31245933268302,2.279664264601676,0.7646357951624759,0.13296511785184978,0.9858180995367848
深圳市,Shenzhen,2005,11,4,0,21.82956777872375,71.61927870898509,15.58737286502987,23.129240212468392,77.62470308520507,150.19381918222928,0.8233510833283807,0.8193306950514008,0.41731394257547383,0.4113956377799565,0.4768781657577127,0.13296511785184978,0.9858180995367848
深圳市,Shenzhen,2005,12,4,0,15.6139925106251,49.522467759878126,5.870957525152567,23.129240212468392,77.62470308520507,150.19381918222928,0.3343503095315854,0.33271769120865635,0.03917960631950014,0.03862396504248903,0.037829616764312055,0.13296511785184978,0.9858180995367848
深圳市,Shenzhen,2006,1,5,0,16.48497780002092,71.25398169830757,13.69802526059078,23.129240212468392,77.62470308520507,150.19381918222928,0.4983020774520439,0.4958688896283462,0.07148336887373251,0.07046959885158993,0.09052865836573831,0.13296511785184978,0.9858180995367848
深圳市,Shenzhen,2006,2,4,0,17.06707156757505,72.71333764812067,51.42451774511717,23.129240212468392,77.62470308520507,150.19381918222928,0.5547954721038671,0.5520864294398905,0.09709790231519129,0.09572086952937026,0.1277062339973667,0.13296511785184978,0.9858180995367848
深圳市,Shenzhen,2006,3,4,0,19.7228191055726,84.17404208322777,94.0685061730468,23.129240212468392,77.62470308520507,150.19381918222928,0.7764999119373676,0.7727082959351039,0.2693819494212188,0.26556160142794016,0.31420514976746095,0.13296511785184978,0.9858180995367848
深圳市,Shenzhen,2006,4,5,0,24.10066155582884,84.44485820085467,203.5083674859993,23.129240212468392,77.62470308520507,150.19381918222928,1.1103133644517316,1.1048917515764916,0.7553947975349515,0.7446818637058803,0.6596137340374802,0.13296511785184978,0.9858180995367848
深圳市,Shenzhen,2006,5,4,0,25.39458913267855,84.51715202370897,366.9687246015503,23.129240212468392,77.62470308520507,150.19381918222928,1.257864618289076,1.2517225189249093,0.9829829208400576,0.9690423548996633,0.7640590329006147,0.13296511785184978,0.9858180995367848
深圳市,Shenzhen,2006,6,4,0,27.875230542946376,86.65324177021475,286.5013566301427,23.129240212468392,77.62470308520507,150.19381918222928,1.4175083169427578,1.4105866841965902,1.3767658778777672,1.3572407212365536,0.9571711327165958,0.13296511785184978,0.9858180995367848
深圳市,Shenzhen,2006,7,5,0,28.81469492516052,85.14833341847421,397.5918666032094,23.129240212468392,77.62470308520507,150.19381918222928,1.5202506816441577,1.5128273623065,1.5778835071427628,1.5555061203019152,1.0254246599607049,0.13296511785184978,0.9858180995367848
深圳市,Shenzhen,2006,8,4,0,28.713839253642423,84.06864993124358,136.3493268225647,23.129240212468392,77.62470308520507,150.19381918222928,1.4012426201850388,1.3944004121434546,1.4464781863732616,1.425964376711904,1.0182764939234794,0.13296511785184978,0.9858180995367848
深圳市,Shenzhen,2006,9,4,0,26.261870082181325,79.21541828431988,163.55026841217642,23.129240212468392,77.62470308520507,150.19381918222928,1.2205935975299995,1.21463349097299,1.0384997280121415,1.0237718282383972,0.8330963306727014,0.13296511785184978,0.9858180995367848
深圳市,Shenzhen,2006,10,5,1,25.922920907588782,72.11416650901984,25.19567039790944,23.129240212468392,77.62470308520507,150.19381918222928,1.0922502993555951,1.0869168876579929,0.90292522183588,0.890120026214077,0.8062550211670416,0.13296511785184978,0.9858180995367848
深圳市,Shenzhen,2006,11,4,0,22.14180667257797,74.79638768910635,78.56629093402731,23.129240212468392,77.62470308520507,150.19381918222928,0.888983732324905,0.8846428626178818,0.4704295476223599,0.4637579626030242,0.5017126603368115,0.13296511785184978,0.9858180995367848
深圳市,Shenzhen,2006,12,5,0,17.15167352487322,61.75036955263844,27.53670654765012,23.129240212468392,77.62470308520507,150.19381918222928,0.5018304864748973,0.4993800695802004,0.0931269364186569,0.09180621947592334,0.1332330160957727,0.13296511785184978,0.9858180995367848
深圳市,Shenzhen,2007,1,4,0,15.0745047276713,57.04977747139735,16.85592705385742,23.129240212468392,77.62470308520507,150.19381918222928,0.3553012785277103,0.35356635751538307,0.029093539216681317,0.028680937539387694,0.007072266897459459,0.13296511785184978,0.9858180995367848
深圳市,Shenzhen,2007,2,4,0,19.840882496446756,80.365789318852,35.22885195617661,23.129240212468392,77.62470308520507,150.19381918222928,0.7445772659109186,0.7409415268297566,0.26594667468230304,0.26217504541343556,0.32303986542102464,0.13296511785184978,0.9858180995367848
深圳市,Shenzhen,2007,3,4,1,19.901757281219048,82.35485140940494,48.07401756842638,23.129240212468392,77.62470308520507,150.19381918222928,0.7613577840672381,0.7576401064305275,0.27480374051042294,0.2709065012155849,0.3276103189804048,0.13296511785184978,0.9858180995367848
深圳市,Shenzhen,2007,4,5,0,21.86400879971266,80.7836684082768,186.50512146226828,23.129240212468392,77.62470308520507,150.19381918222928,0.9396524705857326,0.9350641875875412,0.4750596375255595,0.46832238903208095,0.4796105122069001,0.13296511785184978,0.9858180995367848
深圳市,Shenzhen,2007,5,4,0,26.700143300574425,83.12620387067115,246.5102282831905,23.129240212468392,77.62470308520507,150.19381918222928,1.3027998425210692,1.2964383263705719,1.1512134872259716,1.134887092138222,0.8674693124847821,0.13296511785184978,0.9858180995367848
深圳市,Shenzhen,2007,6,4,2,27.98159174840568,88.07022919773468,330.4764887828063,23.129240212468392,77.62470308520507,150.19381918222928,1.4474028360555302,1.4403352296456116,1.41662252400433,1.3965321243749518,0.965073596634841,0.13296511785184978,0.9858180995367848
深圳市,Shenzhen,2007,7,5,0,29.58538697676148,80.85912783104962,102.37618752955493,23.129240212468392,77.62470308520507,150.19381918222928,1.4305979577071777,1.4236124088025879,3.0970178916856232,3.053096292212941,1.0783921414037874,0.13296511785184978,0.9858180995367848
深圳市,Shenzhen,2007,8,4,0,27.8332278349564,87.16971924049962,332.70180037841493,23.129240212468392,77.62470308520507,150.19381918222928,1.4336270252630992,1.4266266855506284,1.3876508535736112,1.3679713272905345,0.9540392338013222,0.13296511785184978,0.9858180995367848
深圳市,Shenzhen,2007,9,5,1,27.69772146254284,77.45118415777077,133.16254380872218,23.129240212468392,77.62470308520507,150.19381918222928,1.2975448708379085,1.2912090144903539,1.2453567597271584,1.2276952341195155,0.9438934537161979,0.13296511785184978,0.9858180995367848
深圳市,Shenzhen,2007,10,4,0,24.22661210371668,67.71360266156469,24.960233648474023,23.129240212468392,77.62470308520507,150.19381918222928,0.9595263392648367,0.954841013012226,0.6661596409572442,0.6567122312365774,0.6698147740525313,0.13296511785184978,0.9858180995367848
深圳市,Shenzhen,2007,11,4,0,20.422744403002024,57.64394723055737,6.181247802453647,23.129240212468392,77.62470308520507,150.19381918222928,0.658143340318826,0.6549296544154883,0.26703555399087564,0.2632484823440375,0.36712726137755336,0.13296511785184978,0.9858180995367848
深圳市,Shenzhen,2007,12,5,0,17.96365786014826,62.98298768560464,6.049417130981387,23.129240212468392,77.62470308520507,150.19381918222928,0.5450998465541981,0.5424381472168863,0.12845090924529057,0.12662923123596437,0.1877778806625747,0.13296511785184978,0.9858180995367848
深圳市,Shenzhen,2008,1,4,0,14.221335117263475,73.47742020593554,37.45169020204731,23.129240212468392,77.62470308520507,150.19381918222928,0.38361771351765245,0.38174452455914215,0.026593023570369956,0.026215883957079033,0.0,0.13296511785184978,0.9858180995367848
深圳市,Shenzhen,2008,2,4,0,13.3191974214557,62.28852523424935,28.294652574065974,23.129240212468392,77.62470308520507,150.19381918222928,0.28671224012696234,0.28531223646823956,0.026593023570369956,0.026215883957079033,0.0,0.13296511785184978,0.9858180995367848
深圳市,Shenzhen,2008,3,5,0,20.14897978672108,75.98922546617925,58.0474340952667,23.129240212468392,77.62470308520507,150.19381918222928,0.7585889767852713,0.7548848191166072,0.28799047665995936,0.2839062243856139,0.34627461894847206,0.13296511785184978,0.9858180995367848
深圳市,Shenzhen,2008,4,4,2,23.88836479395375,83.64408337889066,119.19064477367569,23.129240212468392,77.62470308520507,150.19381918222928,1.0576608235877907,1.0524963108273484,0.7027344180690795,0.6927683084999484,0.6424168783710101,0.13296511785184978,0.9858180995367848
深圳市,Shenzhen,2008,5,4,0,25.454825761141777,82.11189612647172,158.87469741515827,23.129240212468392,77.62470308520507,150.19381918222928,1.1755386633059999,1.169798558074114,1.8254824267775613,1.7995936167036535,0.7688885367446404,0.13296511785184978,0.9858180995367848
深圳市,Shenzhen,2008,6,5,2,26.92776352448476,88.58952188324676,778.9103912316453,23.129240212468392,77.62470308520507,150.19381918222928,1.4963053932905757,1.4889989977762237,1.344578259429912,1.3255095843896738,0.8851485043495089,0.13296511785184978,0.9858180995367848
深圳市,Shenzhen,2008,7,4,3,28.3129473513854,84.48326219683895,187.63353458372535,23.129240212468392,77.62470308520507,150.19381918222928,1.3989612375557197,1.3921301694083603,2.781395790427344,2.7419503121786977,0.9894199649547621,0.13296511785184978,0.9858180995367848
深圳市,Shenzhen,2008,8,5,1,28.13075702821854,84.67674250750551,357.950252491308,23.129240212468392,77.62470308520507,150.19381918222928,1.4538416552656401,1.4467426083757196,5.1103154525595675,5.0378414674757375,0.9760859402275456,0.13296511785184978,0.9858180995367848
深圳市,Shenzhen,2008,9,4,2,28.224763511870627,77.82258207891797,136.55490222294983,23.129240212468392,77.62470308520507,150.19381918222928,1.3378144941027448,1.3312820028996946,2.5129838898341252,2.4773450024428345,0.9829823950653712,0.13296511785184978,0.9858180995367848
深圳市,Shenzhen,2008,10,4,4,26.037387419881377,77.95223917780476,48.321264811987234,23.129240212468392,77.62470308520507,150.19381918222928,1.1417339364126395,1.136158898222579,2.157216932789257,2.1266234969708773,0.8153421346685948,0.13296511785184978,0.9858180995367848
深圳市,Shenzhen,2008,11,5,2,20.39289234173352,56.62557697621986,16.06378569406734,23.129240212468392,77.62470308520507,150.19381918222928,0.654846623852225,0.6516490356750011,1.1202452353479215,1.1043580289258261,0.3648443683722121,0.13296511785184978,0.9858180995367848
深圳市,Shenzhen,2008,12,4,2,16.61083048441245,53.1295957656123,11.468731531341572,23.129240212468392,77.62470308520507,150.19381918222928,0.41521197506721264,0.4131845126750169,0.15674748536434657,0.15452450812905014,0.09843851369765291,0.13296511785184978,0.9858180995367848
深圳市,Shenzhen,2009,1,4,0,14.548263695070853,56.962833412708925,6.317079047418109,23.129240212468392,77.62470308520507,150.19381918222928,0.3213599956361919,0.31979080846281355,0.026593023570369956,0.026215883957079033,0.0,0.13296511785184978,0.9858180995367848
深圳市,Shenzhen,2009,2,4,0,20.803491133203927,79.51837487863091,6.57361308516846,23.129240212468392,77.62470308520507,150.19381918222928,0.786514617407607,0.7826741000250146,0.33686736297369035,0.33208994356269167,0.39642852547874513,0.13296511785184978,0.9858180995367848
深圳市,Shenzhen,2009,3,5,0,19.39294213539988,80.79005605266335,172.9370390154537,23.129240212468392,77.62470308520507,150.19381918222928,0.7740572499463889,0.770277561358605,0.24976827787652744,0.24622608902081386,0.2897335525554243,0.13296511785184978,0.9858180995367848
深圳市,Shenzhen,2009,4,4,0,22.40841828764228,77.74135629825055,123.00216002852176,23.129240212468392,77.62470308520507,150.19381918222928,0.9383083621429953,0.9337266423690901,0.5149519848268169,0.5076489870346679,0.5230213416823604,0.13296511785184978,0.9858180995367848
深圳市,Shenzhen,2009,5,5,1,25.8553223089933,79.11225053258038,174.87997897559185,23.129240212468392,77.62470308520507,150.19381918222928,1.1970456853284068,1.1912005622238753,0.9806000168122285,0.9666932449795703,0.800878561928148,0.13296511785184978,0.9858180995367848
深圳市,Shenzhen,2009,6,4,0,27.999959594455024,86.02366799275035,248.1400907176092,23.129240212468392,77.62470308520507,150.19381918222928,1.4088621863923698,1.401982772333479,1.3815170134002452,1.3619244766279646,0.9664341221359813,0.13296511785184978,0.9858180995367848
深圳市,Shenzhen,2009,7,4,0,28.8841057183518,83.40990893396167,200.6384515190181,23.129240212468392,77.62470308520507,150.19381918222928,1.441260298635693,1.4342226859744116,1.5042967034452008,1.4829629173297982,1.0303167662355572,0.13296511785184978,0.9858180995367848
深圳市,Shenzhen,2009,8,5,0,29.03020570087596,83.54798154004412,267.1938360243467,23.129240212468392,77.62470308520507,150.19381918222928,1.480886816267041,1.4736557090076854,1.5599891548765399,1.5378655439583855,1.0405389277382244,0.13296511785184978,0.9858180995367848
深圳市,Shenzhen,2009,9,4,0,28.286099480915325,80.35073591520427,244.0265933848393,23.129240212468392,77.62470308520507,150.19381918222928,1.40256555664619,1.395716888762204,1.4048122641220606,1.3848893564227776,0.987463325584581,0.13296511785184978,0.9858180995367848
深圳市,Shenzhen,2009,10,4,1,25.57655799164695,71.4000237148173,18.99786136474605,23.129240212468392,77.62470308520507,150.19381918222928,1.0621773013775115,1.0569907348483591,0.8496029834370421,0.8375539984926873,0.7786349801682463,0.13296511785184978,0.9858180995367848
深圳市,Shenzhen,2009,11,5,0,18.88464025899014,67.35511094893806,52.137603626165735,23.129240212468392,77.62470308520507,150.19381918222928,0.64179425694059,0.6386604029151525,0.1879693494299423,0.18530358682619155,0.25267939756868185,0.13296511785184978,0.9858180995367848
深圳市,Shenzhen,2009,12,4,1,16.394981875433373,76.12963049023057,63.86597895779401,23.129240212468392,77.62470308520507,150.19381918222928,0.5316608509335268,0.5290647736395229,0.07151954287336669,0.07050525983516195,0.08491685997905299,0.13296511785184978,0.9858180995367848
深圳市,Shenzhen,2010,1,5,0,16.766628330515537,79.3045658233131,38.62074149945655,23.129240212468392,77.62470308520507,150.19381918222928,0.5540269583189604,0.5513216682750679,0.08631742119921987,0.08509327612353111,0.10832949449585563,0.13296511785184978,0.9858180995367848
深圳市,Shenzhen,2010,2,4,0,18.56751399382497,86.91243990217706,130.083161612308,23.129240212468392,77.62470308520507,150.19381918222928,0.7254772612865917,0.7219347867146249,0.19263202030150142,0.18990013216355747,0.22999168316398827,0.13296511785184978,0.9858180995367848
深圳市,Shenzhen,2010,3,4,0,19.048228304248877,75.77901344379588,32.76647964820561,23.129240212468392,77.62470308520507,150.19381918222928,0.6779214564115404,0.6746111948095853,0.20503746374082457,0.2021296428388221,0.2645144959695222,0.13296511785184978,0.9858180995367848
深圳市,Shenzhen,2010,4,4,1,21.30556201700085,84.58187378170562,146.9870296249818,23.129240212468392,77.62470308520507,150.19381918222928,0.9015630346377658,0.8971607407332461,0.41734884069972916,0.41143004098248737,0.43554716494838586,0.13296511785184978,0.9858180995367848
深圳市,Shenzhen,2010,5,5,0,25.60903183778396,85.93984221819646,274.9207047229004,23.129240212468392,77.62470308520507,150.19381918222928,1.24766326990503,1.241570983290592,0.9965477294575594,0.9824147887515492,0.781231777273398,0.13296511785184978,0.9858180995367848
深圳市,Shenzhen,2010,6,4,0,27.6715286132221,88.0984622247793,318.5156632754608,23.129240212468392,77.62470308520507,150.19381918222928,1.4204119283090078,1.4134761173521908,1.3579816579629869,1.3387228972588838,0.941925100854661,0.13296511785184978,0.9858180995367848
深圳市,Shenzhen,2010,7,4,2,28.9364544329266,84.4437841323808,189.73577297916285,23.129240212468392,77.62470308520507,150.19381918222928,1.444676354070021,1.4376220609555286,1.5130816731519903,1.4916232994706335,1.0339912623444385,0.13296511785184978,0.9858180995367848
深圳市,Shenzhen,2010,8,5,0,28.590721482832578,83.67565866918223,281.30879103659686,23.129240212468392,77.62470308520507,150.19381918222928,1.4549133072944198,1.4478090275732796,2.9496853093306363,2.9078531658759013,1.0094882094566566,0.13296511785184978,0.9858180995367848
深圳市,Shenzhen,2010,9,4,4,27.84626810701645,85.0515691646325,399.6762669595363,23.129240212468392,77.62470308520507,150.19381918222928,1.4485677405851765,1.4414944459960477,1.4032378616814054,1.3833372820008247,0.9550122388156672,0.13296511785184978,0.9858180995367848
深圳市,Shenzhen,2010,10,5,12,23.50264075097344,67.7309441299612,68.38269377427977,23.129240212468392,77.62470308520507,150.19381918222928,0.9367032391860393,0.9321293571591777,2.3054080511669235,2.272712983658179,0.6111852958213947,0.13296511785184978,0.9858180995367848
深圳市,Shenzhen,2010,11,4,0,21.02889151428097,64.66376016743149,0.3736147384460453,23.129240212468392,77.62470308520507,150.19381918222928,0.7317795359745702,0.7282062876636882,4.00539127551603,3.948587215130431,0.4139268159341846,0.13296511785184978,0.9858180995367848
深圳市,Shenzhen,2010,12,4,1,16.471751254695675,58.92988640704235,27.16498936155691,23.129240212468392,77.62470308520507,150.19381918222928,0.44810528687131096,0.44591720783835775,0.17059112326672346,0.1681718169366467,0.08970156664681919,0.13296511785184978,0.9858180995367848
深圳市,Shenzhen,2011,1,5,0,12.5582024586416,59.98189135805764,12.152466582256984,23.129240212468392,77.62470308520507,150.19381918222928,0.22836810027675655,0.22725298856830123,0.026593023570369956,0.026215883957079033,0.0,0.13296511785184978,0.9858180995367848
深圳市,Shenzhen,2011,2,4,0,16.6174231848308,74.86033477296007,33.84006113422832,23.129240212468392,77.62470308520507,150.19381918222928,0.5282237356303473,0.5256444416239971,0.07855552486816281,0.0774414582336469,0.09885484784591816,0.13296511785184978,0.9858180995367848
深圳市,Shenzhen,2011,3,4,0,17.896505839056925,67.7202672157168,26.32392849095448,23.129240212468392,77.62470308520507,150.19381918222928,0.5729180056028732,0.5701204713795802,0.13102054849415537,0.1291624281167754,0.18316747102781838,0.13296511785184978,0.9858180995367848
深圳市,Shenzhen,2011,4,4,0,22.97540060052375,74.96500375188738,45.321981589022286,23.129240212468392,77.62470308520507,150.19381918222928,0.9265860254748046,0.9220615453716472,0.550869145500211,0.5430567741104706,0.5685912448702388,0.13296511785184978,0.9858180995367848
深圳市,Shenzhen,2011,5,5,0,26.02104516075608,80.26743120583987,153.33480295452645,23.129240212468392,77.62470308520507,150.19381918222928,1.2041436230358364,1.1982638410037496,1.0020350598093866,0.987824298330518,0.8140461247849373,0.13296511785184978,0.9858180995367848
深圳市,Shenzhen,2011,6,4,0,28.2927912819156,84.4457103992537,266.2908887111522,23.129240212468392,77.62470308520507,150.19381918222928,1.4306812416223815,1.4236952860459804,1.4331346148843565,1.4128100424256782,0.9879512878211216,0.13296511785184978,0.9858180995367848
深圳市,Shenzhen,2011,7,5,1,28.740774337706643,84.08078501184542,246.08259910816355,23.129240212468392,77.62470308520507,150.19381918222928,1.4534816605866243,1.4463843715353908,1.5021800129180005,1.4808762454969662,1.0201900811339935,0.13296511785184978,0.9858180995367848
深圳市,Shenzhen,2011,8,4,1,29.09904345044935,80.5663733440947,111.4016266489738,23.129240212468392,77.62470308520507,150.19381918222928,1.3996575791651165,1.3928231108113325,1.4825377037514458,1.461512501603879,1.0453191570988325,0.13296511785184978,0.9858180995367848
深圳市,Shenzhen,2011,9,4,1,27.6539286721382,76.46248604732531,132.2260874725038,23.129240212468392,77.62470308520507,150.19381918222928,1.2891456618828647,1.282850818514952,1.5952393556410813,1.572615829884376,0.9406012041732301,0.13296511785184978,0.9858180995367848
深圳市,Shenzhen,2011,10,5,0,24.482549640711177,74.12145952483209,126.87845013034986,23.129240212468392,77.62470308520507,150.19381918222928,1.0602343236811638,1.0550572446293598,0.9737102951688735,0.9599012326827807,0.6905329081356183,0.13296511785184978,0.9858180995367848
深圳市,Shenzhen,2011,11,4,0,21.1746043349421,73.40963694086042,98.50215810263714,23.129240212468392,77.62470308520507,150.19381918222928,0.8303264654446993,0.8262720166738964,0.3780021883451094,0.37264139893512155,0.42529476695739243,0.13296511785184978,0.9858180995367848
深圳市,Shenzhen,2011,12,4,0,15.9410044719,53.59465103140615,1.548503766357419,23.129240212468392,77.62470308520507,150.19381918222928,0.3768727467367759,0.37503249316381804,0.04804012968839871,0.04735882935091788,0.05718732778884958,0.13296511785184978,0.9858180995367848
深圳市,Shenzhen,2012,1,5,0,13.98900524049312,76.70799862055617,60.56276052004965,23.129240212468392,77.62470308520507,150.19381918222928,0.38878541360615004,0.3868869909881773,0.026593023570369956,0.026215883957079033,0.0,0.13296511785184978,0.9858180995367848
深圳市,Shenzhen,2012,2,4,2,16.227945930566076,81.67619396516865,68.04289478323024,23.129240212468392,77.62470308520507,150.19381918222928,0.5407310196259262,0.538090653084456,0.066734991334742,0.06578856233021917,0.07460075274355596,0.13296511785184978,0.9858180995367848
深圳市,Shenzhen,2012,3,4,0,19.258347828348725,79.77629500036015,65.36074454224504,23.129240212468392,77.62470308520507,150.19381918222928,0.7202389598399577,0.7167220636708784,0.4277316224826024,0.4216655751875846,0.27984250746914135,0.13296511785184978,0.9858180995367848
深圳市,Shenzhen,2012,4,5,0,24.28284835462526,86.87103275400456,388.543573738807,23.129240212468392,77.62470308520507,150.19381918222928,1.1945698691888307,1.1887368353890746,0.8282398352621572,0.8164938203587995,0.6743686136632651,0.13296511785184978,0.9858180995367848
深圳市,Shenzhen,2012,5,4,1,26.944287726347376,84.95456976907127,211.6390011454984,23.129240212468392,77.62470308520507,150.19381918222928,1.3137217228528013,1.307306875625759,1.1854249934990246,1.1686134142346138,0.8864268914473237,0.13296511785184978,0.9858180995367848
深圳市,Shenzhen,2012,6,4,0,27.96892925666215,86.4096724719908,288.4200096012696,23.129240212468392,77.62470308520507,150.19381918222928,1.4240655700457192,1.4171119185118946,1.3928801519164715,1.373126464244804,0.9641349497510655,0.13296511785184978,0.9858180995367848
深圳市,Shenzhen,2012,7,5,2,28.72244697446288,83.96953876238176,291.39594833973104,23.129240212468392,77.62470308520507,150.19381918222928,1.4698009140461117,1.462623938775201,1.51684356284519,1.4953318384186507,1.0188883825617907,0.13296511785184978,0.9858180995367848
深圳市,Shenzhen,2012,8,4,2,28.703454104034325,83.61605482490626,153.5019355742494,23.129240212468392,77.62470308520507,150.19381918222928,1.407077222182493,1.4002065240278252,2.876119179667212,2.8353303437408273,1.0175378086012317,0.13296511785184978,0.9858180995367848
深圳市,Shenzhen,2012,9,5,1,27.09183244257372,74.84072281564596,91.79343032221048,23.129240212468392,77.62470308520507,150.19381918222928,1.2218718468604972,1.215905498666442,2.8648878617796214,2.8242583072855894,0.897809790355413,0.13296511785184978,0.9858180995367848
深圳市,Shenzhen,2012,10,4,2,24.62360324771895,70.25067907598535,56.65742724178459,23.129240212468392,77.62470308520507,150.19381918222928,1.0159990281006772,1.0110379481134055,1.1620955617702005,1.1456148381844313,0.7019410969678954,0.13296511785184978,0.9858180995367848
深圳市,Shenzhen,2012,11,4,1,21.215818063264976,79.85645261523005,109.67234662967816,23.129240212468392,77.62470308520507,150.19381918222928,0.8636964104817804,0.859479017690441,0.873687642785696,0.8612970915997681,0.42851774246237756,0.13296511785184978,0.9858180995367848
深圳市,Shenzhen,2012,12,5,0,15.98950564143016,72.35585982267065,44.88066424434794,23.129240212468392,77.62470308520507,150.19381918222928,0.4866233763116862,0.48424721508831214,0.07316052817743858,0.0721229728489899,0.0601029587214251,0.13296511785184978,0.9858180995367848
深圳市,Shenzhen,2013,1,4,0,16.536078255469597,70.17784063939405,4.854258424169894,23.129240212468392,77.62470308520507,150.19381918222928,0.49305499307877176,0.4906474265446184,0.07258220684519287,0.07155285321231385,0.09373163046773007,0.13296511785184978,0.9858180995367848
深圳市,Shenzhen,2013,2,4,1,18.76739680523565,77.79460324517638,13.82196153530268,23.129240212468392,77.62470308520507,150.19381918222928,0.6587428406312932,0.6555262273934598,0.1867064475646731,0.1840585953094704,0.24425174356631793,0.13296511785184978,0.9858180995367848
深圳市,Shenzhen,2013,3,5,1,20.4677755696751,79.57847322007811,231.61403655198995,23.129240212468392,77.62470308520507,150.19381918222928,0.8588785542298077,0.8546846868253754,0.34331783813896144,0.33844893873122844,0.3705750429962986,0.13296511785184978,0.9858180995367848
深圳市,Shenzhen,2013,4,4,1,21.64063442237385,84.1727165834915,134.0979059301451,23.129240212468392,77.62470308520507,150.19381918222928,0.916975370294793,0.912497818611604,0.574547227630453,0.5663990560367816,0.4619224564653786,0.13296511785184978,0.9858180995367848
深圳市,Shenzhen,2013,5,4,0,26.47177441526035,90.33121826222312,276.0225679807562,23.129240212468392,77.62470308520507,150.19381918222928,1.326170700359875,1.319695065305813,1.4841867194288993,1.4631381311051328,0.849609845007153,0.13296511785184978,0.9858180995367848
深圳市,Shenzhen,2013,6,5,4,28.1245880874411,85.75750556885234,329.5867964162908,23.129240212468392,77.62470308520507,150.19381918222928,1.448005151721793,1.4409346042301259,1.4324151917735617,1.4121008221018316,0.9756321793342632,0.13296511785184978,0.9858180995367848
深圳市,Shenzhen,2013,7,4,7,27.750612982617227,87.55277561161623,300.33155602820693,23.129240212468392,77.62470308520507,150.19381918222928,1.4173071150611214,1.4103864647751736,5.373994940503105,5.297781479167068,0.9478611094344896,0.13296511785184978,0.9858180995367848
深圳市,Shenzhen,2013,8,4,8,28.31120493449195,87.1789283421947,409.2404537735588,23.129240212468392,77.62470308520507,150.19381918222928,1.4953133964250818,1.4880118447891792,12.0976474116934,11.926079780261691,0.9892930681866994,0.13296511785184978,0.9858180995367848
深圳市,Shenzhen,2013,9,5,4,27.25423371594772,78.76091839392224,225.7921242464541,23.129240212468392,77.62470308520507,150.19381918222928,1.31405731286988,1.3076408269710758,12.048684627029767,11.877811380936558,0.9102699111265546,0.13296511785184978,0.9858180995367848
深圳市,Shenzhen,2013,10,4,5,24.789283253049025,63.10583527031467,10.184383772460947,23.129240212468392,77.62470308520507,150.19381918222928,0.959195793347529,0.9545120811365562,4.396444243212925,4.334094308563604,0.7153280367663223,0.13296511785184978,0.9858180995367848
深圳市,Shenzhen,2013,11,4,5,20.862484805111325,64.85439038011314,43.13242968643797,23.129240212468392,77.62470308520507,150.19381918222928,0.7448442739084679,0.7412072310386245,1.8693725319217405,1.8428612767453578,0.400997843653669,0.13296511785184978,0.9858180995367848
深圳市,Shenzhen,2013,12,5,0,14.74469559561632,53.97108456719326,97.43694134717396,23.129240212468392,77.62470308520507,150.19381918222928,0.34842391685157753,0.3467225777034382,0.026593023570369956,0.026215883957079033,0.0,0.13296511785184978,0.9858180995367848
深圳市,Shenzhen,2014,1,4,0,15.3744225887876,62.0511051732932,1.2875199508117587,23.129240212468392,77.62470308520507,150.19381918222928,0.3902614537011343,0.3883558236422358,0.040566222866780244,0.03999091673191496,0.023986935769987384,0.13296511785184978,0.9858180995367848
深圳市,Shenzhen,2014,2,4,0,15.01077349884834,77.83265464309747,45.49042293106029,23.129240212468392,77.62470308520507,150.19381918222928,0.4470795563261645,0.4448964858917818,0.0281672952419787,0.027767829464538964,0.0035385122641577197,0.13296511785184978,0.9858180995367848
深圳市,Shenzhen,2014,3,5,0,19.139085593577523,81.93585127820448,180.93094586427003,23.129240212468392,77.62470308520507,150.19381918222928,0.7644245722732379,0.7606919196403185,0.2328358086167394,0.22953375435466455,0.2711252475823434,0.13296511785184978,0.9858180995367848
深圳市,Shenzhen,2014,4,4,0,23.47734724231257,84.35281164527208,127.14636453934932,23.129240212468392,77.62470308520507,150.19381918222928,1.0363324993559564,1.0312721318944584,0.654780830723103,0.6454947941565666,0.6091387401293827,0.13296511785184978,0.9858180995367848
深圳市,Shenzhen,2014,5,4,0,26.067337922396973,89.63554833147501,318.78754391087045,23.129240212468392,77.62470308520507,150.19381918222928,1.3098957212049274,1.303499556180999,1.0924856492020563,1.0769921264675817,0.8177161400457589,0.13296511785184978,0.9858180995367848
深圳市,Shenzhen,2014,6,5,2,28.76387896808884,84.7252310200802,203.8409674783929,23.129240212468392,77.62470308520507,150.19381918222928,1.4398114426157638,1.4327809046567272,1.4906499613160054,1.469509711939126,1.0218289013953612,0.13296511785184978,0.9858180995367848
深圳市,Shenzhen,2014,7,4,1,29.24797167699785,83.8328325206341,183.2474159556924,23.129240212468392,77.62470308520507,150.19381918222928,1.4615014572592904,1.4543650078824322,3.096988338307897,3.053067157958276,1.0555793415327177,0.13296511785184978,0.9858180995367848
深圳市,Shenzhen,2014,8,5,4,28.595308709125614,84.51123345763229,232.5291328062775,23.129240212468392,77.62470308520507,150.19381918222928,1.439120962026296,1.4320937956545732,2.3404369481675,2.307245104328157,1.0098168550560667,0.13296511785184978,0.9858180995367848
深圳市,Shenzhen,2014,9,4,123,28.110347170731576,81.25459695760807,135.96769338618498,23.129240212468392,77.62470308520507,150.19381918222928,1.3457588124229716,1.3391875294518774,5.63874189959496,5.558773823237143,0.9745841211165245,0.13296511785184978,0.9858180995367848
深圳市,Shenzhen,2014,10,4,252,25.353862438662095,67.10980248928207,4.9539902365357005,23.129240212468392,77.62470308520507,150.19381918222928,1.015659127018663,1.0106997067538999,95.52790009155716,94.17313292099873,0.7607913742989899,0.13296511785184978,0.9858180995367848
深圳市,Shenzhen,2014,11,5,70,20.8924019114216,72.76131393686383,48.55427447975444,23.129240212468392,77.62470308520507,150.19381918222928,0.7871763446114846,0.7833325960431357,91.29937173875169,90.00457313639863,0.40331793209680084,0.13296511785184978,0.9858180995367848
深圳市,Shenzhen,2014,12,4,4,14.8155005008619,55.37608438371395,23.25791199297772,23.129240212468392,77.62470308520507,150.19381918222928,0.33440904437258373,0.3327761392499273,0.026593023570369956,0.026215883957079033,0.0,0.13296511785184978,0.9858180995367848
深圳市,Shenzhen,2015,1,4,2,15.8029141125403,67.47528272762776,38.613305021258455,23.129240212468392,77.62470308520507,150.19381918222928,0.4543043020591171,0.45208595349899067,0.5798189299784942,0.5715959956268511,0.04894873659545003,0.13296511785184978,0.9858180995367848
深圳市,Shenzhen,2015,2,4,4,17.649751063413177,75.0694976154367,34.16959715910029,23.129240212468392,77.62470308520507,150.19381918222928,0.5910275897557499,0.5881416272042461,0.3397232011968773,0.3349052805724584,0.16637689968219457,0.13296511785184978,0.9858180995367848
深圳市,Shenzhen,2015,3,5,3,20.76568517845482,82.36943894900251,34.67613591679237,23.129240212468392,77.62470308520507,150.19381918222928,0.80923417735594,0.8052827213296464,1.4842511905341857,1.4632016878876213,0.3935042958407249,0.13296511785184978,0.9858180995367848
深圳市,Shenzhen,2015,4,4,1,23.07708053590973,74.36365072430375,67.0325507142581,23.129240212468392,77.62470308520507,150.19381918222928,0.9415098732356524,0.93691252061942,2.2962911704174367,2.263725397604017,0.5767927194745952,0.13296511785184978,0.9858180995367848
深圳市,Shenzhen,2015,5,5,2,27.21991574427268,88.40249413155755,463.1151958039494,23.129240212468392,77.62470308520507,150.19381918222928,1.4359919833861725,1.4289800956839,2.4909005198567673,2.4555748166203877,0.9076431150660335,0.13296511785184978,0.9858180995367848
深圳市,Shenzhen,2015,6,4,0,29.547506743583074,83.5126534257517,98.884544701642,23.129240212468392,77.62470308520507,150.19381918222928,1.43817668679773,1.4311541312817357,3.5679593082861056,3.5173588645191898,1.0758620877798581,0.13296511785184978,0.9858180995367848
深圳市,Shenzhen,2015,7,4,5,28.40802089477155,82.91909442442991,354.2809789670029,23.129240212468392,77.62470308520507,150.19381918222928,1.4650936736221443,1.457939683605763,1.479175018093384,1.4581975052191092,0.9963251641045271,0.13296511785184978,0.9858180995367848
深圳市,Shenzhen,2015,8,5,6,28.660511523633943,84.08950627537897,279.921702604797,23.129240212468392,77.62470308520507,150.19381918222928,1.4613244727319792,1.4541888875630309,7.40280759238689,7.2978217119633255,1.0144781921938326,0.13296511785184978,0.9858180995367848
深圳市,Shenzhen,2015,9,4,13,27.896936482931302,80.13976362590063,98.4885314125002,23.129240212468392,77.62470308520507,150.19381918222928,1.3063736871521991,1.2999947200705624,9.374729892297548,9.241778406095456,0.9587871626862988,0.13296511785184978,0.9858180995367848
深圳市,Shenzhen,2015,10,4,6,25.220007569428976,75.22588565094861,91.90695918170152,23.129240212468392,77.62470308520507,150.19381918222928,1.0979975960344068,1.0926361205318742,12.15548430801489,11.983096439476448,0.7500389800242555,0.13296511785184978,0.9858180995367848
深圳市,Shenzhen,2015,11,5,5,22.79316605532812,75.35725022462832,27.4439175867554,23.129240212468392,77.62470308520507,150.19381918222928,0.9070170506734159,0.9025881250408568,4.976142595560625,4.905571436579619,0.5539121204354498,0.13296511785184978,0.9858180995367848
深圳市,Shenzhen,2015,12,4,0,16.628235772254325,73.1678071403383,92.7180011275085,23.129240212468392,77.62470308520507,150.19381918222928,0.5461961909082829,0.5435291381681786,0.39448564164049843,0.3888910855365853,0.0995380961191599,0.13296511785184978,0.9858180995367848
深圳市,Shenzhen,2016,1,5,1,14.13006334899466,78.25891737693904,238.6382024203625,23.129240212468392,77.62470308520507,150.19381918222928,0.45482135456085643,0.45260048125538305,0.026593023570369956,0.026215883957079033,0.0,0.13296511785184978,0.9858180995367848
深圳市,Shenzhen,2016,2,4,5,15.744767432473475,71.48111822572858,33.948259536498924,23.129240212468392,77.62470308520507,150.19381918222928,0.46450358454875257,0.46223543332657197,0.04762826234162119,0.04695280306585641,0.04550762934781271,0.13296511785184978,0.9858180995367848
深圳市,Shenzhen,2016,3,4,0,17.893404253931475,82.75678875774685,171.9059110747173,23.129240212468392,77.62470308520507,150.19381918222928,0.6846199890323951,0.6812770187809134,0.6872009278142066,0.6774551126577164,0.18295494690803138,0.13296511785184978,0.9858180995367848
深圳市,Shenzhen,2016,4,4,2,23.915404349644074,89.45026014373553,242.2055576545902,23.129240212468392,77.62470308520507,150.19381918222928,1.1300288145422792,1.1245109319638418,1.1138947125140208,1.0980975685746452,0.6446071550084392,0.13296511785184978,0.9858180995367848
深圳市,Shenzhen,2016,5,5,4,26.87042657186596,85.70973874041121,324.4971935619669,23.129240212468392,77.62470308520507,150.19381918222928,1.3545793536370143,1.3479650003388002,2.4009181093474865,2.36686852770039,0.8807072458039894,0.13296511785184978,0.9858180995367848
深圳市,Shenzhen,2016,6,4,4,28.635651168320827,87.02722891783722,297.61961146110355,23.129240212468392,77.62470308520507,150.19381918222928,1.4790732736646983,1.4718510218566392,6.883114585059567,6.785498939137347,1.012703149576175,0.13296511785184978,0.9858180995367848
深圳市,Shenzhen,2016,7,5,3,29.15072302416514,84.58687999208219,338.6631706382034,23.129240212468392,77.62470308520507,150.19381918222928,1.5220265972938887,1.5145946062357418,8.287555684336606,8.170022394537991,1.0488923299946709,0.13296511785184978,0.9858180995367848
深圳市,Shenzhen,2016,8,4,4,28.2967585501095,86.75355722005452,304.5252672583989,23.129240212468392,77.62470308520507,150.19381918222928,1.455610312402674,1.4485026292352727,6.038762626987585,5.953121496490663,0.9882404935297283,0.13296511785184978,0.9858180995367848
深圳市,Shenzhen,2016,9,4,5,27.618451145234424,81.3415999092388,208.3533184322573,23.129240212468392,77.62470308520507,150.19381918222928,1.344602009578961,1.338036375226891,6.176012972188426,6.0884253709573235,0.9379294062692944,0.13296511785184978,0.9858180995367848
深圳市,Shenzhen,2016,10,5,4,25.47294607675914,79.82407182535378,229.0108368279425,23.129240212468392,77.62470308520507,150.19381918222928,1.1956968000161665,1.1898582634611716,5.709488272253734,5.628516877880736,0.7703404985278455,0.13296511785184978,0.9858180995367848
深圳市,Shenzhen,2016,11,4,1,20.48454351342635,79.15739031542525,136.83149699896865,23.129240212468392,77.62470308520507,150.19381918222928,0.8250177085047197,0.8209891821679779,1.705705254093757,1.681515111960616,0.37186011637357935,0.13296511785184978,0.9858180995367848
深圳市,Shenzhen,2016,12,4,2,18.34301462961065,65.94777581032756,9.286507729126065,23.129240212468392,77.62470308520507,150.19381918222928,0.5831471017597297,0.5802996192955151,0.29997969845607164,0.2957254162315823,0.2141422573281224,0.13296511785184978,0.9858180995367848
深圳市,Shenzhen,2017,1,5,3,17.6102583248884,74.85092327995343,31.73233070649997,23.129240212468392,77.62470308520507,150.19381918222928,0.5867541543198387,0.5838890587715816,0.24644912578916503,0.24295400881797669,0.16371193846559215,0.13296511785184978,0.9858180995367848
深圳市,Shenzhen,2017,2,4,2,16.713938958291877,68.28256111161673,28.674727584570256,23.129240212468392,77.62470308520507,150.19381918222928,0.5066891633343912,0.5042150217274992,0.2171360134448795,0.21405661211522486,0.10497229558360897,0.13296511785184978,0.9858180995367848
深圳市,Shenzhen,2017,3,4,2,19.76824235265573,81.30575460983113,57.40171577582986,23.129240212468392,77.62470308520507,150.19381918222928,0.7538139810357957,0.7501331394680302,0.7174946571451867,0.7073192193346649,0.3175995434369946,0.13296511785184978,0.9858180995367848
深圳市,Shenzhen,2017,4,5,2,23.49040628026962,82.62522127765797,170.8334843632936,23.129240212468392,77.62470308520507,150.19381918222928,1.049089396929202,1.043966738080114,1.6828545029770698,1.6589884279217755,0.6101953469295001,0.13296511785184978,0.9858180995367848
深圳市,Shenzhen,2017,5,4,9,26.164202159775076,83.6370242324425,190.1822881407056,23.129240212468392,77.62470308520507,150.19381918222928,1.2443905433220763,1.2383142372921716,2.6840106755501862,2.6459463033073263,0.8253831551956677,0.13296511785184978,0.9858180995367848
深圳市,Shenzhen,2017,6,4,5,28.504486634927677,87.20016539217765,377.3258098800903,23.129240212468392,77.62470308520507,150.19381918222928,1.4990657454793874,1.4917458712828489,14.394511803468346,14.19037026985498,1.003293010593218,0.13296511785184978,0.9858180995367848
深圳市,Shenzhen,2017,7,5,4,28.37454900071324,86.48843513150824,378.7379979412092,23.129240212468392,77.62470308520507,150.19381918222928,1.4868696616611214,1.4796093404224897,11.350068764529858,11.189103219060648,0.9938983384896463,0.13296511785184978,0.9858180995367848
深圳市,Shenzhen,2017,8,4,9,29.2441805375816,83.23705058893047,219.8041153682305,23.129240212468392,77.62470308520507,150.19381918222928,1.4751309749671935,1.467927973235789,8.546825151011223,8.425614927443078,1.0553195676660916,0.13296511785184978,0.9858180995367848
深圳市,Shenzhen,2017,9,4,9,28.73517819372765,84.26255903890456,204.6091479747318,23.129240212468392,77.62470308520507,150.19381918222928,1.4360540473517502,1.429041856593777,14.891323981842985,14.680136707366998,1.0197927778058038,0.13296511785184978,0.9858180995367848
深圳市,Shenzhen,2017,10,5,13,25.0303085578562,69.36975964768655,121.75702187608674,23.129240212468392,77.62470308520507,150.19381918222928,1.0696857818047032,1.064462551685378,9.17758052887525,9.047424995321599,0.7347705027064844,0.13296511785184978,0.9858180995367848
深圳市,Shenzhen,2017,11,4,3,20.8765650459726,74.15180734304995,34.577654780384435,23.129240212468392,77.62470308520507,150.19381918222928,0.7851798926859531,0.7813458927073365,4.959077824942351,4.88874867683968,0.40208953472350434,0.13296511785184978,0.9858180995367848
深圳市,Shenzhen,2017,12,5,2,17.15476638149416,59.94382372356965,17.34748403019407,23.129240212468392,77.62470308520507,150.19381918222928,0.488157848346402,0.4857741943614289,0.4738482003288232,0.46712813231708616,0.13343564064733118,0.13296511785184978,0.9858180995367848
深圳市,Shenzhen,2018,1,4,0,14.132957860379486,69.013575886213,60.93979721456569,23.129240212468392,77.62470308520507,150.19381918222928,0.37167242096113046,0.369857560357476,0.026593023570369956,0.026215883957079033,0.0,0.13296511785184978,0.9858180995367848
深圳市,Shenzhen,2018,2,4,1,17.03159812472435,70.66872584780275,14.73755242204592,23.129240212468392,77.62470308520507,150.19381918222928,0.528700119465347,0.5261184992970176,0.09256722291517169,0.09125444377363247,0.12539798435704944,0.13296511785184978,0.9858180995367848
深圳市,Shenzhen,2018,3,4,0,20.413507057754927,74.47800389329487,25.41986713879396,23.129240212468392,77.62470308520507,150.19381918222928,0.7531526598640663,0.7494750474994195,0.30121613281904314,0.29694431560548884,0.36642061689036537,0.13296511785184978,0.9858180995367848
深圳市,Shenzhen,2018,4,5,4,23.49444886421506,78.58221523952895,78.50903794126546,23.129240212468392,77.62470308520507,150.19381918222928,0.992421441796608,0.9875754901591929,0.6295300268380732,0.6206020946588505,0.6105224453985917,0.13296511785184978,0.9858180995367848
深圳市,Shenzhen,2018,5,4,6,28.35429144291528,80.12139535450247,98.45953426254256,23.129240212468392,77.62470308520507,150.19381918222928,1.338151722080605,1.3316175842076998,5.312727863250176,5.237383285505412,0.9924273497081011,0.13296511785184978,0.9858180995367848
深圳市,Shenzhen,2018,6,4,5,28.063824498457848,85.3663407589163,473.4613231522696,23.129240212468392,77.62470308520507,150.19381918222928,1.4893549678931022,1.482082511009978,10.389781286062918,10.242434442029397,0.9711549069849827,0.13296511785184978,0.9858180995367848
深圳市,Shenzhen,2018,7,5,10,28.64397496269482,85.70910107733883,236.6409276946718,23.129240212468392,77.62470308520507,150.19381918222928,1.4495716893326753,1.4424934925045663,9.965986097336694,9.82464947448648,1.01329777889437,0.13296511785184978,0.9858180995367848
深圳市,Shenzhen,2018,8,4,16,27.809313312081,88.1710245105373,415.59036421058937,23.129240212468392,77.62470308520507,150.19381918222928,1.4640831222125608,1.4569340666756776,15.981351015635807,15.754705086264357,0.9522532912866813,0.13296511785184978,0.9858180995367848
深圳市,Shenzhen,2018,9,5,61,27.34874572501876,77.62845899120884,273.4641511053949,23.129240212468392,77.62470308520507,150.19381918222928,1.3338773640097152,1.327364097645244,23.16552343531553,22.83699228777761,0.9174863512459662,0.13296511785184978,0.9858180995367848
深圳市,Shenzhen,2018,10,4,108,23.726820533848976,72.4890598050445,89.33698986324023,23.129240212468392,77.62470308520507,150.19381918222928,0.9855476013263393,0.9807352143592138,40.63894779695368,40.06261028436748,0.6293330045382706,0.13296511785184978,0.9858180995367848
深圳市,Shenzhen,2018,11,4,17,22.21243521150545,78.85363825940267,57.042598380017125,23.129240212468392,77.62470308520507,150.19381918222928,0.899820342092776,0.89542655768174,57.40388661326478,56.58979040711377,0.5073489170044662,0.13296511785184978,0.9858180995367848
深圳市,Shenzhen,2018,12,5,9,16.94223332159074,75.29023332560298,15.150286434814362,23.129240212468392,77.62470308520507,150.19381918222928,0.5406619127642686,0.5380218836686609,3.205544649180369,3.160083934035301,0.1196071190323818,0.13296511785184978,0.9858180995367848
深圳市,Shenzhen,2019,1,4,7,17.462743226545225,71.46471085105833,5.793842417608605,23.129240212468392,77.62470308520507,150.19381918222928,0.552996754326998,0.5502964947253264,1.2200576109106385,1.2027548753133157,0.15381322495433894,0.13296511785184978,0.9858180995367848
深圳市,Shenzhen,2019,2,4,4,19.984823524583675,84.74851353280732,60.846758471269965,23.129240212468392,77.62470308520507,150.19381918222928,0.7803710451610776,0.7765605265801372,2.541463730526613,2.505420944869413,0.3338632501415719,0.13296511785184978,0.9858180995367848
深圳市,Shenzhen,2019,3,5,4,20.676400909860043,84.07377565331316,190.1488348104548,23.129240212468392,77.62470308520507,150.19381918222928,0.8746176137948221,0.8703468932327912,2.079155392866394,2.0496690180372057,0.3866109443569003,0.13296511785184978,0.9858180995367848
深圳市,Shenzhen,2019,4,4,10,24.488519022091324,86.34202611874434,168.14514719005115,23.129240212468392,77.62470308520507,150.19381918222928,1.1296924545933191,1.1241762144461882,4.06607580155005,4.0084111192565794,0.6910158755961859,0.13296511785184978,0.9858180995367848
深圳市,Shenzhen,2019,5,4,22,25.80047363988885,88.65384823590998,243.4176229732298,23.129240212468392,77.62470308520507,150.19381918222928,1.2597439800787922,1.25359270387104,11.209796332410772,11.050820116611607,0.7965109340129798,0.13296511785184978,0.9858180995367848
深圳市,Shenzhen,2019,6,5,65,28.568267082867735,87.37738397342352,313.4933077209115,23.129240212468392,77.62470308520507,150.19381918222928,1.4815931464713024,1.4743585902316387,37.175938867905884,36.64871340325467,1.0078781672374268,0.13296511785184978,0.9858180995367848
深圳市,Shenzhen,2019,7,4,48,28.8154420380394,87.1461227668295,339.65201144039906,23.129240212468392,77.62470308520507,150.19381918222928,1.5086329432357803,1.5012663528200223,110.25585066159539,108.69221316202552,1.0254774368245363,0.13296511785184978,0.9858180995367848
深圳市,Shenzhen,2019,8,4,67,29.04894324242675,85.33522460723583,291.3477060034791,23.129240212468392,77.62470308520507,150.19381918222928,1.4998733316070525,1.492549514001844,104.9891878279365,103.5002416164469,1.0418424246039495,0.13296511785184978,0.9858180995367848
深圳市,Shenzhen,2019,9,5,130,28.0590483374991,76.10389805588332,117.05479217921834,23.129240212468392,77.62470308520507,150.19381918222928,1.3078210463647268,1.301435011889692,102.8703012863939,101.4114049129293,0.9708023895949203,0.13296511785184978,0.9858180995367848
深圳市,Shenzhen,2019,10,4,138,25.39276994836553,71.656857189592,50.14707666331794,23.129240212468392,77.62470308520507,150.19381918222928,1.0697834035452904,1.0645596967431634,122.09258292380638,120.36107806548411,0.7639131130127278,0.13296511785184978,0.9858180995367848
深圳市,Shenzhen,2019,11,4,30,21.78543536481995,63.42222192001096,0.4281733621154743,23.129240212468392,77.62470308520507,150.19381918222928,0.7706040396177891,0.7668412129089827,64.27883368525491,63.36723766403906,0.47337962967717284,0.13296511785184978,0.9858180995367848
深圳市,Shenzhen,2019,12,5,7,18.18858189154784,63.92512152948954,32.644252867840706,23.129240212468392,77.62470308520507,150.19381918222928,0.5753504787434377,0.5725410668573877,8.339221796191449,8.220955782737187,0.2033450155891801,0.13296511785184978,0.9858180995367848
阳江市,Yangjiang,2005,1,5,0,15.019438958144622,73.05399555835899,24.29352325357349,23.12367425875622,78.35846802046022,158.53251767433022,0.43543589901522395,0.42496065120543725,0.02195119584386129,0.02152958738305146,0.004017733051179311,2.19341220593233,0.9807933716318361
阳江市,Yangjiang,2005,2,4,0,15.752013615635349,80.55726536515732,27.78467533914549,23.12367425875622,78.35846802046022,158.53251767433022,0.5045648036851156,0.4924265271519876,0.02216032087803376,0.021734695830410104,0.04593554697767977,2.19341220593233,0.9807933716318361
阳江市,Yangjiang,2005,3,4,0,18.63797661031917,81.58112406636769,63.41392923514464,23.12367425875622,78.35846802046022,158.53251767433022,0.7001694144968985,0.6833254929408766,0.023539956865597268,0.023087833662277134,0.23500291191578662,2.19341220593233,0.9807933716318361
阳江市,Yangjiang,2005,4,4,0,23.189244607537372,85.27585561827155,89.5854679226659,23.12367425875622,78.35846802046022,158.53251767433022,1.0187022078322807,0.9941953674556518,0.02775859488500016,0.027225445869021547,0.5858479144378702,2.19341220593233,0.9807933716318361
阳江市,Yangjiang,2005,5,5,0,27.479298657940134,86.78710459022605,293.7594336637915,23.12367425875622,78.35846802046022,158.53251767433022,1.4075076619034816,1.373647358731517,0.034673471388718895,0.03400751090952161,0.9274104629851752,2.19341220593233,0.9807933716318361
阳江市,Yangjiang,2005,6,4,0,27.5709008137012,89.2350015384404,477.8691712069016,23.12367425875622,78.35846802046022,158.53251767433022,1.4843364614669747,1.4486278937945953,0.03546926003514962,0.03478801513916074,0.9343419406602633,2.19341220593233,0.9807933716318361
阳江市,Yangjiang,2005,7,5,0,28.779653291112982,83.2055638200454,172.7470559684418,23.12367425875622,78.35846802046022,158.53251767433022,1.437223050618958,1.4026478866345,0.03628245776164152,0.03558559407913007,1.0229463744279739,2.19341220593233,0.9807933716318361
阳江市,Yangjiang,2005,8,4,0,27.7104165948463,86.32614194525243,322.1569790313033,23.12367425875622,78.35846802046022,158.53251767433022,1.4327595370189323,1.398291751436596,0.035145834742487975,0.0344708017559001,0.9448466437416257,2.19341220593233,0.9807933716318361
阳江市,Yangjiang,2005,9,4,0,27.35593053544397,83.93850346532446,248.5113827161641,23.12367425875622,78.35846802046022,158.53251767433022,1.369568225224809,1.336620628152345,0.034204752025506546,0.033547794064927444,0.9180338614963128,2.19341220593233,0.9807933716318361
阳江市,Yangjiang,2005,10,5,0,24.8749619792776,70.3724363544039,20.339411399627775,23.12367425875622,78.35846802046022,158.53251767433022,1.0294665690465918,1.004700771263169,0.029190515334039113,0.028629863954143034,0.7222442225850633,2.19341220593233,0.9807933716318361
阳江市,Yangjiang,2005,11,4,0,22.041881613218276,70.1918262554839,3.962794133329397,23.12367425875622,78.35846802046022,158.53251767433022,0.8391846191572641,0.8189964195537984,0.025977915830400534,0.02547896765526659,0.4937498717369669,2.19341220593233,0.9807933716318361
阳江市,Yangjiang,2005,12,4,0,15.667213208156374,47.31032075224083,4.178946170747791,23.12367425875622,78.35846802046022,158.53251767433022,0.3318682044070044,0.3238844766316544,0.022066733385227383,0.021642905837797967,0.04094402031342057,2.19341220593233,0.9807933716318361
阳江市,Yangjiang,2006,1,5,0,16.7203639484604,71.91886514138875,9.74895880622634,23.12367425875622,78.35846802046022,158.53251767433022,0.5257971347469815,0.5131480736644962,0.02247488269638058,0.02204321597681312,0.1053810127738747,2.19341220593233,0.9807933716318361
阳江市,Yangjiang,2006,2,4,0,17.2858497267941,73.67202072871308,41.19843810653576,23.12367425875622,78.35846802046022,158.53251767433022,0.5799450662177323,0.5659933725277237,0.022738175321155674,0.022301451637992083,0.14206054361404874,2.19341220593233,0.9807933716318361
阳江市,Yangjiang,2006,3,4,0,20.041637388186825,85.99228574198392,62.61190960494351,23.12367425875622,78.35846802046022,158.53251767433022,0.8029195646584094,0.7836037906715961,0.024583883819041624,0.024111710298683173,0.33815070718931983,2.19341220593233,0.9807933716318361
阳江市,Yangjiang,2006,4,5,0,24.7375956656584,85.6413807962246,180.58530140187105,23.12367425875622,78.35846802046022,158.53251767433022,1.1645259088815811,1.1365109989854516,0.03001645856624114,0.029439943601630957,0.7111533908719608,2.19341220593233,0.9807933716318361
阳江市,Yangjiang,2006,5,4,0,26.22211219545355,81.18516890524857,241.8372141320924,23.12367425875622,78.35846802046022,158.53251767433022,1.2740365301089231,1.243387131651436,0.032253721510526294,0.03163423626798336,0.8299586820957968,2.19341220593233,0.9807933716318361
阳江市,Yangjiang,2006,6,4,1,27.973494992252547,86.07347307939078,330.4387701512029,23.12367425875622,78.35846802046022,158.53251767433022,1.4540145239226132,1.419035408761082,0.03562034206479189,0.03493619539240656,0.9644734670446051,2.19341220593233,0.9807933716318361
阳江市,Yangjiang,2006,7,5,2,28.5152061721051,85.3954254553617,448.7794042449096,23.12367425875622,78.35846802046022,158.53251767433022,1.5305707206076213,1.4937498989320799,1.5217559042167275,1.4925281040973775,1.0040648593380093,2.19341220593233,0.9807933716318361
阳江市,Yangjiang,2006,8,4,19,28.2272265739661,84.80808973343636,199.2472201769982,23.12367425875622,78.35846802046022,158.53251767433022,1.416118607387042,1.3820511513642884,3.147130504684564,3.086684738654976,0.9831626235994959,2.19341220593233,0.9807933716318361
阳江市,Yangjiang,2006,9,4,0,25.95167089770975,79.2649994394115,128.90902404948503,23.12367425875622,78.35846802046022,158.53251767433022,1.199931081173127,1.171064431780229,18.580228811427336,18.223365261650798,0.8085394314524005,2.19341220593233,0.9807933716318361
阳江市,Yangjiang,2006,10,5,0,25.35643229618672,73.63420122372136,52.40544870886768,23.12367425875622,78.35846802046022,158.53251767433022,1.0954582156666974,1.069104861934661,4.659375772330361,4.569884873443585,0.7609976190373346,2.19341220593233,0.9807933716318361
阳江市,Yangjiang,2006,11,4,0,21.95683195487837,75.40569949329958,63.32600491910232,23.12367425875622,78.35846802046022,158.53251767433022,0.8874814035157881,0.8661313318992074,0.026152038010254338,0.025649745535121286,0.48698341643896076,2.19341220593233,0.9807933716318361
阳江市,Yangjiang,2006,12,5,0,17.80649829767138,58.38631482255712,8.90521369446538,23.12367425875622,78.35846802046022,158.53251767433022,0.5259763094145211,0.51332293794089,0.022842781744567248,0.022404048924704267,0.17701521168893808,2.19341220593233,0.9807933716318361
阳江市,Yangjiang,2007,1,4,0,15.260420867499423,55.96033226956892,16.23144740048151,23.12367425875622,78.35846802046022,158.53251767433022,0.3709489250784489,0.3620250354226837,0.021997485685926094,0.021574988153322507,0.017502553802339022,2.19341220593233,0.9807933716318361
阳江市,Yangjiang,2007,2,4,0,20.503715322914022,83.43851436061672,28.320272121050625,23.12367425875622,78.35846802046022,158.53251767433022,0.8079936046870612,0.7885557649109616,0.024878039206905764,0.024400215953330116,0.37333024227080097,2.19341220593233,0.9807933716318361
阳江市,Yangjiang,2007,3,4,0,20.26345949815795,83.856642392536,40.215952250217015,23.12367425875622,78.35846802046022,158.53251767433022,0.7999090818987942,0.7806657308633392,0.024705263713737356,0.02423075889485012,0.35497160242315795,2.19341220593233,0.9807933716318361
阳江市,Yangjiang,2007,4,5,0,21.94747636390968,81.33861409350972,188.7620669779724,23.12367425875622,78.35846802046022,158.53251767433022,0.9616981443363398,0.9385626463148894,0.026497786536155168,0.025988853397576298,0.48623972994773823,2.19341220593233,0.9807933716318361
阳江市,Yangjiang,2007,5,4,0,27.01010498591375,83.28653948292732,177.1264259966329,23.12367425875622,78.35846802046022,158.53251767433022,1.31284873525332,1.281265634572724,0.03335675588174541,0.03271608506795716,0.8915117610433153,2.19341220593233,0.9807933716318361
阳江市,Yangjiang,2007,6,4,0,28.258636988216423,86.2362105773393,281.22778108130933,23.12367425875622,78.35846802046022,158.53251767433022,1.4577202060229517,1.422651943553187,0.03595377216896285,0.03526322142847995,0.9854588940865151,2.19341220593233,0.9807933716318361
阳江市,Yangjiang,2007,7,5,0,29.15521810493492,82.46646811008048,141.78287396320724,23.12367425875622,78.35846802046022,158.53251767433022,1.4462273982283596,1.4114356173485394,0.036742939652071066,0.03603723166501986,1.0492024865127711,2.19341220593233,0.9807933716318361
阳江市,Yangjiang,2007,8,4,0,27.7819480437674,85.57259861068366,401.491815955756,23.12367425875622,78.35846802046022,158.53251767433022,1.461524867932887,1.4263650770052503,0.03548754571755989,0.03480594961526449,0.950207199877111,2.19341220593233,0.9807933716318361
阳江市,Yangjiang,2007,9,5,0,26.97503686879938,79.22844261307031,194.57460115591985,23.12367425875622,78.35846802046022,158.53251767433022,1.2996096616773272,1.2683450523677784,0.03320722236871434,0.032569423589539466,0.8888039014577405,2.19341220593233,0.9807933716318361
阳江市,Yangjiang,2007,10,4,0,23.18238189667125,68.56962748591887,31.99920803540838,23.12367425875622,78.35846802046022,158.53251767433022,0.917948587332762,0.895865569026965,0.02717756635600891,0.026655576939057932,0.5852936509638068,2.19341220593233,0.9807933716318361
阳江市,Yangjiang,2007,11,4,0,20.11341319480653,52.10189904354205,3.0290058551916355,23.12367425875622,78.35846802046022,158.53251767433022,0.6141599231071153,0.5993851252460835,0.02399348656063917,0.023532652581012437,0.3435795141680188,2.19341220593233,0.9807933716318361
阳江市,Yangjiang,2007,12,5,0,17.889571647907538,63.42122187202396,7.758808822810819,23.12367425875622,78.35846802046022,158.53251767433022,0.5571099154456184,0.5437075652150093,0.022927434370671972,0.02248707565927901,0.18269238371841728,2.19341220593233,0.9807933716318361
阳江市,Yangjiang,2008,1,4,0,13.834372572059271,75.97252100765272,45.31394350630936,23.12367425875622,78.35846802046022,158.53251767433022,0.3829325601296705,0.37372038109053685,0.021934122059323304,0.021512841528347936,0.0,2.19341220593233,0.9807933716318361
阳江市,Yangjiang,2008,2,4,0,12.79455711892239,63.6430573048879,17.46331940603777,23.12367425875622,78.35846802046022,158.53251767433022,0.269402451193144,0.26292145722090954,0.021934122059323304,0.021512841528347936,0.0,2.19341220593233,0.9807933716318361
阳江市,Yangjiang,2008,3,5,0,20.25262114225296,78.75713576398994,69.46827535972915,23.12367425875622,78.35846802046022,158.53251767433022,0.7948058842757876,0.7756853004716157,0.024681186608575652,0.024207144229699436,0.3541467844733087,2.19341220593233,0.9807933716318361
阳江市,Yangjiang,2008,4,4,0,24.36967391547405,84.14431778607434,145.65450264768617,23.12367425875622,78.35846802046022,158.53251767433022,1.1190891910520566,1.0921673487693324,0.029376128409777873,0.028811912028515806,0.6813979889474187,2.19341220593233,0.9807933716318361
阳江市,Yangjiang,2008,5,4,0,25.735050021301877,84.03856712873512,176.73155672256198,23.12367425875622,78.35846802046022,158.53251767433022,1.2260902205604551,1.1965942627706319,0.03140271627824552,0.03079957597693837,0.7912953048093628,2.19341220593233,0.9807933716318361
阳江市,Yangjiang,2008,6,5,0,27.09678859388804,88.59563819822286,651.3451174658522,23.12367425875622,78.35846802046022,158.53251767433022,1.4923957542815494,1.4564933048240547,0.035016215825087675,0.034343672380875795,0.8981911363708395,2.19341220593233,0.9807933716318361
阳江市,Yangjiang,2008,7,4,0,28.1005220847728,85.08797752375267,279.29096441954323,23.12367425875622,78.35846802046022,158.53251767433022,1.440463490567996,1.405810371569825,0.03562475528455319,0.03494052384909599,0.973860593299079,2.19341220593233,0.9807933716318361
阳江市,Yangjiang,2008,8,5,0,27.87737430145712,85.05178983514739,694.4335262601546,23.12367425875622,78.35846802046022,158.53251767433022,1.5474601388826725,1.5102330097754415,0.036392048004185114,0.03569307946261235,0.9573308126149075,2.19341220593233,0.9807933716318361
阳江市,Yangjiang,2008,9,4,0,27.877764913775074,78.4063447532089,232.9508935166617,23.12367425875622,78.35846802046022,158.53251767433022,1.3754257983161988,1.342337286060042,0.03478512103912446,0.0341170161465844,0.9573599059831481,2.19341220593233,0.9807933716318361
阳江市,Yangjiang,2008,10,4,0,25.419908398521176,79.38551235356867,173.97636398720226,23.12367425875622,78.35846802046022,158.53251767433022,1.18339033204687,1.154921602178864,0.03078185561910666,0.030190639957748,0.7660895374275886,2.19341220593233,0.9807933716318361
阳江市,Yangjiang,2008,11,5,0,19.47352296823724,57.23823766786008,26.366930089795552,23.12367425875622,78.35846802046022,158.53251767433022,0.6237706021850277,0.6087646009593005,0.02373412737800025,0.023278274813808335,0.2956816667461395,2.19341220593233,0.9807933716318361
阳江市,Yangjiang,2008,12,4,0,16.12144733113745,54.14791407376725,9.165815408086836,23.12367425875622,78.35846802046022,158.53251767433022,0.40549401452812656,0.39573907632212696,0.022203588215544766,0.021777132148249053,0.06809187475894365,2.19341220593233,0.9807933716318361
阳江市,Yangjiang,2009,1,4,0,14.247205559741,57.43818976773545,6.340073412634251,23.12367425875622,78.35846802046022,158.53251767433022,0.318469541612112,0.31080814443332905,0.021934122059323304,0.021512841528347936,0.0,2.19341220593233,0.9807933716318361
阳江市,Yangjiang,2009,2,4,0,21.149211575812725,81.39220913943275,9.0197248578371,23.12367425875622,78.35846802046022,158.53251767433022,0.8318952505510163,0.8118824107254193,0.025370906937903122,0.024883617356983547,0.4233106707545299,2.19341220593233,0.9807933716318361
阳江市,Yangjiang,2009,3,5,0,19.71616985488484,83.11653121997253,190.02114293708985,23.12367425875622,78.35846802046022,158.53251767433022,0.8212831040982361,0.8015255598606649,0.024448577913623874,0.0239790031635068,0.3137087549319921,2.19341220593233,0.9807933716318361
阳江市,Yangjiang,2009,4,4,0,23.027902919001225,82.06138908387237,107.59766084197072,23.12367425875622,78.35846802046022,158.53251767433022,1.0042503096747701,0.9800911374965238,0.027548330567541218,0.027019220020167125,0.5728251479304726,2.19341220593233,0.9807933716318361
阳江市,Yangjiang,2009,5,5,0,26.06924586407586,82.56793391085202,648.9721622283453,23.12367425875622,78.35846802046022,158.53251767433022,1.388648291470195,1.355241686716923,0.03301820090623245,0.03238403259204107,0.8178673188367127,2.19341220593233,0.9807933716318361
阳江市,Yangjiang,2009,6,4,0,27.992538818746723,87.336570494383,369.7107163094588,23.12367425875622,78.35846802046022,158.53251767433022,1.4742316725305016,1.4387661949855428,0.03583094327263449,0.03514275166111624,0.9658846073632434,2.19341220593233,0.9807933716318361
阳江市,Yangjiang,2009,7,4,0,28.768237699203077,84.21715321526369,210.8497269527894,23.12367425875622,78.35846802046022,158.53251767433022,1.4578654548054453,1.4227936980969325,0.03647703417477563,0.0357764333354079,1.0221377937577525,2.19341220593233,0.9807933716318361
阳江市,Yangjiang,2009,8,5,0,28.88683771942384,83.56038177346284,346.7461781659842,23.12367425875622,78.35846802046022,158.53251767433022,1.5164249785336767,1.4799444598832487,0.03718508076922783,0.03647088074205311,1.0305088551166075,2.19341220593233,0.9807933716318361
阳江市,Yangjiang,2009,9,4,0,28.081836704093,80.00942272312838,221.47226626677173,23.12367425875622,78.35846802046022,158.53251767433022,1.3932233724498375,1.3597067053266048,0.03515704639016365,0.03448179806562548,0.9724835715702502,2.19341220593233,0.9807933716318361
阳江市,Yangjiang,2009,10,4,0,25.397416713842,72.6856042670948,54.15348693242163,23.12367425875622,78.35846802046022,158.53251767433022,1.0943522679671498,1.0680255199335495,0.03009688977403034,0.02951882999710295,0.7642858304748102,2.19341220593233,0.9807933716318361
阳江市,Yangjiang,2009,11,5,0,19.104461766856183,64.37522372648272,27.504192652537757,23.12367425875622,78.35846802046022,158.53251767433022,0.6429356665467527,0.627468612847094,0.02361952100660442,0.023165869644396528,0.2686029090178292,2.19341220593233,0.9807933716318361
阳江市,Yangjiang,2009,12,4,0,16.6550600116609,75.71869308490905,66.34919964504931,23.12367425875622,78.35846802046022,158.53251767433022,0.5591077934773039,0.5456573804491097,0.022486520480665143,0.022054630238499903,0.10123539809672899,2.19341220593233,0.9807933716318361
阳江市,Yangjiang,2010,1,5,0,17.0055048037118,82.65798000986148,59.025917239584544,23.12367425875622,78.35846802046022,158.53251767433022,0.600145236243849,0.585707588622844,0.022658663178947436,0.022223466655949993,0.12370355680856446,2.19341220593233,0.9807933716318361
阳江市,Yangjiang,2010,2,4,0,18.650751625419343,86.71413909607527,61.48203211528653,23.12367425875622,78.35846802046022,158.53251767433022,0.71602263220037,0.6987973310098211,0.02358267792120096,0.02312973419044235,0.2359133025730586,2.19341220593233,0.9807933716318361
阳江市,Yangjiang,2010,3,4,0,19.357376890598573,77.9240802218522,29.80647783842931,23.12367425875622,78.35846802046022,158.53251767433022,0.7175211899096245,0.700259838031943,0.023944669853955186,0.02348477347867189,0.287114537409779,2.19341220593233,0.9807933716318361
阳江市,Yangjiang,2010,4,4,0,21.88276358240275,87.14677190462393,158.0383041109165,23.12367425875622,78.35846802046022,158.53251767433022,0.9665975937390419,0.9433442300415162,0.026472543248568174,0.02596409494843278,0.4810991623964389,2.19341220593233,0.9807933716318361
阳江市,Yangjiang,2010,5,5,0,26.50701388539008,86.98222861957177,398.343268480913,23.12367425875622,78.35846802046022,158.53251767433022,1.3722299168945564,1.3392182877110588,0.033349260481885926,0.03270873362945725,0.8523732484323334,2.19341220593233,0.9807933716318361
阳江市,Yangjiang,2010,6,4,0,27.955751115049225,88.02717208864455,303.4270201616216,23.12367425875622,78.35846802046022,158.53251767433022,1.4510970203347695,1.4161880913318385,0.03557424323724828,0.03489098196791179,0.9631574549604691,2.19341220593233,0.9807933716318361
阳江市,Yangjiang,2010,7,4,0,28.7629837538727,85.55084860528815,266.267938961684,23.12367425875622,78.35846802046022,158.53251767433022,1.4861591132689254,1.4504066982028432,0.03675387657174377,0.03604795852334092,1.0217654490139347,2.19341220593233,0.9807933716318361
阳江市,Yangjiang,2010,8,5,0,28.25564829690792,84.71241833264304,341.63527721769606,23.12367425875622,78.35846802046022,158.53251767433022,1.4729259977350682,1.4374919307078735,0.03609687580253349,0.035403576523742465,0.9852405735756675,2.19341220593233,0.9807933716318361
阳江市,Yangjiang,2010,9,4,0,27.42184125182985,85.3169560302059,239.396538835416,23.12367425875622,78.35846802046022,158.53251767433022,1.3766086132174795,1.343491646074548,0.03433521127608747,0.03367574763316527,0.9230492242358201,2.19341220593233,0.9807933716318361
阳江市,Yangjiang,2010,10,5,0,23.01549852444298,68.40529828971783,112.8325783794889,23.12367425875622,78.35846802046022,158.53251767433022,0.94420469062271,0.9214900312668673,0.027203429200108004,0.026680943045121874,0.5718246494257176,2.19341220593233,0.9807933716318361
阳江市,Yangjiang,2010,11,4,0,21.105725209297624,61.2383471980248,1.8598021087331615,23.12367425875622,78.35846802046022,158.53251767433022,0.7331200851367567,0.7154834718407295,0.02493855001930786,0.02445956455704615,0.4199157741904287,2.19341220593233,0.9807933716318361
阳江市,Yangjiang,2010,12,4,0,16.91855152051285,61.2084087756454,15.553858458221184,23.12367425875622,78.35846802046022,158.53251767433022,0.49296226670885945,0.4811031115121288,0.022502200648785768,0.022070009243458682,0.11807834451059117,2.19341220593233,0.9807933716318361
阳江市,Yangjiang,2011,1,5,0,12.6851951527184,60.57580314506848,8.999462612899952,23.12367425875622,78.35846802046022,158.53251767433022,0.24733425273234289,0.24138415170695837,0.021934122059323304,0.021512841528347936,0.0,2.19341220593233,0.9807933716318361
阳江市,Yangjiang,2011,2,4,0,16.407256025740175,78.78108444176593,21.98106097700452,23.12367425875622,78.35846802046022,158.53251767433022,0.5362025766147049,0.5233031926204403,0.02238248838853999,0.02195259625210656,0.08568002938630896,2.19341220593233,0.9807933716318361
阳江市,Yangjiang,2011,3,4,0,17.3223691746341,69.42421265410077,11.084609384534597,23.12367425875622,78.35846802046022,158.53251767433022,0.5523166460278564,0.539029607109621,0.02271289184512695,0.022276653772291297,0.14447625427841643,2.19341220593233,0.9807933716318361
阳江市,Yangjiang,2011,4,4,0,23.55080819456845,76.89200219377948,41.53151138655577,23.12367425875622,78.35846802046022,158.53251767433022,0.9860805784752069,0.9623585141178432,0.027853428265116754,0.027318457819649346,0.6150832687565972,2.19341220593233,0.9807933716318361
阳江市,Yangjiang,2011,5,5,0,26.43466259681704,81.2080395188721,164.21347035467235,23.12367425875622,78.35846802046022,158.53251767433022,1.2577594540420907,1.2275016319470586,0.032327338645017106,0.03170643946553048,0.8466967631813347,2.19341220593233,0.9807933716318361
阳江市,Yangjiang,2011,6,4,0,28.368153231256773,85.18647741003993,338.5226738372184,23.12367425875622,78.35846802046022,158.53251767433022,1.482259182845644,1.4466005881047055,0.03630514554035463,0.03560784610210894,0.9934340964052719,2.19341220593233,0.9807933716318361
阳江市,Yangjiang,2011,7,5,0,28.5806920264846,84.2751941849962,180.38060367515573,23.12367425875622,78.35846802046022,158.53251767433022,1.4310584656378784,1.3966316025984444,0.03602291348535887,0.03533103477330706,1.0087693418810841,2.19341220593233,0.9807933716318361
阳江市,Yangjiang,2011,8,4,0,28.7478092211783,81.38790624641072,140.69592251120713,23.12367425875622,78.35846802046022,158.53251767433022,1.411416270654907,1.3774619383839284,0.03599372904097547,0.03530241086370106,1.0206893264976333,2.19341220593233,0.9807933716318361
阳江市,Yangjiang,2011,9,4,0,26.836397649104825,79.30414851264379,256.2240679462323,23.12367425875622,78.35846802046022,158.53251767433022,1.3144142025077263,1.282793441502235,0.03319791415939001,0.0325602941595324,0.8780674842612284,2.19341220593233,0.9807933716318361
阳江市,Yangjiang,2011,10,5,0,23.8030379585056,74.11494094192005,74.56095832569713,23.12367425875622,78.35846802046022,158.53251767433022,1.0066896421456997,0.9824717871345008,0.028177785290443454,0.027636585040131993,0.6355056005557735,2.19341220593233,0.9807933716318361
阳江市,Yangjiang,2011,11,4,0,21.269410786004222,70.01892841265743,69.74643090179167,23.12367425875622,78.35846802046022,158.53251767433022,0.8225035530019864,0.8027166485193483,0.025407586834784474,0.024919592756716916,0.43271368319919035,2.19341220593233,0.9807933716318361
阳江市,Yangjiang,2011,12,4,0,16.428375272057927,47.76074788377785,0.9925740238929374,23.12367425875622,78.35846802046022,158.53251767433022,0.37495285060383876,0.3659326388207863,0.022252464386806912,0.02182506957305371,0.08699478912552461,2.19341220593233,0.9807933716318361
阳江市,Yangjiang,2012,1,5,0,13.548122282267824,78.03126352587375,49.2420861161539,23.12367425875622,78.35846802046022,158.53251767433022,0.3734906757915552,0.36450563943509146,0.021934122059323304,0.021512841528347936,0.0,2.19341220593233,0.9807933716318361
阳江市,Yangjiang,2012,2,4,0,16.00054621424615,82.95929899424743,42.00986139764068,23.12367425875622,78.35846802046022,158.53251767433022,0.5324789642068114,0.5196691588688048,0.022249915898090233,0.02182257003221271,0.06076824713907176,2.19341220593233,0.9807933716318361
阳江市,Yangjiang,2012,3,4,0,19.446418142187724,82.46262736023807,39.54423781313834,23.12367425875622,78.35846802046022,158.53251767433022,0.7433005676739204,0.7254190432953637,0.02406452348874555,0.02360232512924026,0.2936787294340195,2.19341220593233,0.9807933716318361
阳江市,Yangjiang,2012,4,5,0,25.10854383902112,88.24240881802129,446.71350042289606,23.12367425875622,78.35846802046022,158.53251767433022,1.289248572915606,1.2582332195185892,0.031258529658654034,0.030658158696165037,0.7410714845772652,2.19341220593233,0.9807933716318361
阳江市,Yangjiang,2012,5,4,0,27.2957343460294,85.75221042579915,310.7380694526553,23.12367425875622,78.35846802046022,158.53251767433022,1.3959268616086988,1.3623451568554632,0.03437835384921464,0.03371806158292354,0.9134419223550408,2.19341220593233,0.9807933716318361
阳江市,Yangjiang,2012,6,4,0,27.8017374599117,86.52660927092508,404.58378134827694,23.12367425875622,78.35846802046022,158.53251767433022,1.4680530033397388,1.432736165562549,0.03556928743875647,0.03488612135359987,0.9516871080084348,2.19341220593233,0.9807933716318361
阳江市,Yangjiang,2012,7,5,0,28.44557725369972,84.44647243804248,311.4710107249544,23.12367425875622,78.35846802046022,158.53251767433022,1.4750246473578266,1.4395400932786593,0.03631574043585692,0.03561823750539071,0.9990425722550326,2.19341220593233,0.9807933716318361
阳江市,Yangjiang,2012,8,4,0,28.22407225929357,83.84671094731615,213.667460099954,23.12367425875622,78.35846802046022,158.53251767433022,1.4178601735926146,1.3837508208460911,0.03553544904914748,0.03485293288536468,0.9829318100427705,2.19341220593233,0.9807933716318361
阳江市,Yangjiang,2012,9,5,0,26.47995218680892,76.38842209785903,126.3285218762608,23.12367425875622,78.35846802046022,158.53251767433022,1.2216128687522811,1.1922246222692845,0.032071028183803224,0.031455051864092004,0.8502513649806439,2.19341220593233,0.9807933716318361
阳江市,Yangjiang,2012,10,4,0,24.23793773171225,73.30356170304938,71.22903276493643,23.12367425875622,78.35846802046022,158.53251767433022,1.0297275322955115,1.0049554565393541,0.028674679300279626,0.028123935391382873,0.6707319411118957,2.19341220593233,0.9807933716318361
阳江市,Yangjiang,2012,11,4,0,21.12324323847053,82.26718018002305,108.73974923769416,23.12367425875622,78.35846802046022,158.53251767433022,0.8801490390960712,0.8589753616043249,0.02555283854267933,0.025062054669038394,0.4212829197565433,2.19341220593233,0.9807933716318361
阳江市,Yangjiang,2012,12,5,0,15.89341927991046,74.7698544261692,50.27980833164549,23.12367425875622,78.35846802046022,158.53251767433022,0.5036112563978864,0.49149591927823966,0.022201190358745466,0.021774780346194178,0.05433784675452653,2.19341220593233,0.9807933716318361
阳江市,Yangjiang,2013,1,4,0,16.17958107870905,73.48639072199195,7.756383809342472,23.12367425875622,78.35846802046022,158.53251767433022,0.4985408471577053,0.48654748848174695,0.022282675825861003,0.021854700752225422,0.07163818019600698,2.19341220593233,0.9807933716318361
阳江市,Yangjiang,2013,2,4,0,18.837193972012024,81.85185181283612,13.820515272104902,23.12367425875622,78.35846802046022,158.53251767433022,0.6909403609725125,0.6743184620447038,0.023614950698071503,0.02316138711608113,0.24926332784238223,2.19341220593233,0.9807933716318361
阳江市,Yangjiang,2013,3,5,0,21.24058199271264,83.27997921242027,185.58987420966685,23.12367425875622,78.35846802046022,158.53251767433022,0.9206751685830987,0.8985265571226368,0.025801882661163403,0.025306315489691467,0.4304559026308448,2.19341220593233,0.9807933716318361
阳江市,Yangjiang,2013,4,4,0,22.3044218306405,86.13483375056933,126.1265175075252,23.12367425875622,78.35846802046022,158.53251767433022,0.9786604561662411,0.955116897118479,0.026850100288520962,0.02633440039063141,0.5146991163101419,2.19341220593233,0.9807933716318361
阳江市,Yangjiang,2013,5,4,0,27.017188105752,88.58168071604433,220.1515675547399,23.12367425875622,78.35846802046022,158.53251767433022,1.3527893862203522,1.320245436382601,0.03371148111845292,0.03306399722887042,0.8920583048102728,2.19341220593233,0.9807933716318361
阳江市,Yangjiang,2013,6,5,0,28.08682129950818,84.38073555853592,291.8173145656816,23.12367425875622,78.35846802046022,158.53251767433022,1.4410825648952574,1.406414552873784,0.035616440688002,0.0349323689479108,0.972851041730268,2.19341220593233,0.9807933716318361
阳江市,Yangjiang,2013,7,4,0,27.529580357214,87.20377548665383,349.6591070081734,23.12367425875622,78.35846802046022,158.53251767433022,1.4325901912057142,1.3981264795625339,0.034953735264527774,0.034282391861222804,0.9312185553683408,2.19341220593233,0.9807933716318361
阳江市,Yangjiang,2013,8,4,1,27.998182297094925,86.44306976851286,424.3915241278524,23.12367425875622,78.35846802046022,158.53251767433022,1.4886531155590155,1.4528407024723615,0.03597295852823588,0.03528203928248068,0.9663025302789277,2.19341220593233,0.9807933716318361
阳江市,Yangjiang,2013,9,5,0,26.88785029047864,80.44727662590887,252.7179641788244,23.12367425875622,78.35846802046022,158.53251767433022,1.3220805280077326,1.2902753388014783,1.1600314849543882,1.1377511913275,0.8820577505203117,2.19341220593233,0.9807933716318361
阳江市,Yangjiang,2013,10,4,0,24.51821879686355,63.4367269048949,38.36478983555487,23.12367425875622,78.35846802046022,158.53251767433022,0.976693802312518,0.953197554904702,0.22022359508142492,0.21599384233279498,0.6934185958332147,2.19341220593233,0.9807933716318361
阳江市,Yangjiang,2013,11,4,0,20.60589493185865,66.6058093530003,95.56949430370268,23.12367425875622,78.35846802046022,158.53251767433022,0.7749980761483364,0.7563540072552524,0.024817193670680665,0.024340539054707153,0.38118018595813297,2.19341220593233,0.9807933716318361
阳江市,Yangjiang,2013,12,5,0,14.48310666472614,53.748711018996666,94.00570783172516,23.12367425875622,78.35846802046022,158.53251767433022,0.34155212325102624,0.33333543018758127,0.021934122059323304,0.021512841528347936,0.0,2.19341220593233,0.9807933716318361
阳江市,Yangjiang,2014,1,4,0,15.9641503513622,60.96469411134954,1.5192031613043713,23.12367425875622,78.35846802046022,158.53251767433022,0.4308515901149907,0.420486626670538,0.02218043183377441,0.021754420522497715,0.05857731467024686,2.19341220593233,0.9807933716318361
阳江市,Yangjiang,2014,2,4,0,14.979853987859808,79.23676260385128,31.1983302737879,23.12367425875622,78.35846802046022,158.53251767433022,0.455617519450176,0.4446567639554756,0.02194226740958406,0.021520830433893304,0.0018318287094738568,2.19341220593233,0.9807933716318361
阳江市,Yangjiang,2014,3,5,0,19.4923617520522,85.21579878302835,118.2551417459289,23.12367425875622,78.35846802046022,158.53251767433022,0.7881059736830816,0.7691465691108488,0.02421906477606087,0.023753898199482582,0.2970750710594747,2.19341220593233,0.9807933716318361
阳江市,Yangjiang,2014,4,4,0,24.2434635871973,86.80000902076483,111.09932147196317,23.12367425875622,78.35846802046022,158.53251767433022,1.1051018428994255,1.0785164931714768,0.02917290285052184,0.028612589747051317,0.6711794244251416,2.19341220593233,0.9807933716318361
阳江市,Yangjiang,2014,5,4,0,26.94419559627275,88.3697672488189,289.80318127762,23.12367425875622,78.35846802046022,158.53251767433022,1.3733413912577455,1.3403030234212912,0.03381483298055408,0.03316536405016504,0.8864197658007047,2.19341220593233,0.9807933716318361
阳江市,Yangjiang,2014,6,5,0,28.77752912024198,84.30864719123221,270.6566844752774,23.12367425875622,78.35846802046022,158.53251767433022,1.4834775837889913,1.4477896780706114,0.03674205642702738,0.03603636540375136,1.0227959621481613,2.19341220593233,0.9807933716318361
阳江市,Yangjiang,2014,7,4,0,28.846918521288423,83.96409850948288,275.5889049382813,23.12367425875622,78.35846802046022,158.53251767433022,1.4889697646512912,1.4531497339618675,0.036868121605127424,0.03616000929482547,1.0276986050906167,2.19341220593233,0.9807933716318361
阳江市,Yangjiang,2014,8,5,2,28.08318184421156,85.22401686581107,333.975314566943,23.12367425875622,78.35846802046022,158.53251767433022,1.4597206705402894,1.424604283050054,0.035789577517087494,0.0351021804022632,0.9725827461433634,2.19341220593233,0.9807933716318361
阳江市,Yangjiang,2014,9,4,92,27.918986697994825,81.30820481055072,178.0910180892416,23.12367425875622,78.35846802046022,158.53251767433022,1.3691573102678891,1.336219598544824,2.5886171374470552,2.5388985301006493,0.9604270952854279,2.19341220593233,0.9807933716318361
阳江市,Yangjiang,2014,10,4,159,25.0752500891763,67.8846521426068,18.01096477770761,23.12367425875622,78.35846802046022,158.53251767433022,1.0275364519487558,1.002817086843363,68.58953091965854,67.27215728933797,0.7383906970315824,2.19341220593233,0.9807933716318361
阳江市,Yangjiang,2014,11,5,43,21.07647897381522,73.44863030099455,30.198388076613732,23.12367425875622,78.35846802046022,158.53251767433022,0.8073612166044982,0.7879385901396846,61.42648973621224,60.24669397588798,0.41763470631033084,2.19341220593233,0.9807933716318361
阳江市,Yangjiang,2014,12,4,0,14.850295960090076,55.48844706670955,15.70621303635533,23.12367425875622,78.35846802046022,158.53251767433022,0.3452447546665758,0.3369392282542141,0.021934122059323304,0.021512841528347936,0.0,2.19341220593233,0.9807933716318361
阳江市,Yangjiang,2015,1,4,0,16.1108825155376,68.31068919709612,35.7791567375526,23.12367425875622,78.35846802046022,158.53251767433022,0.4866338724114173,0.4749269589077893,0.4351650494216455,0.4268069960385903,0.06744911953525252,2.19341220593233,0.9807933716318361
阳江市,Yangjiang,2015,2,4,0,18.33251204750993,77.82758724261637,31.97182696906908,23.12367425875622,78.35846802046022,158.53251767433022,0.6547989779672948,0.6390465295005626,0.023297880618253042,0.02285040688345241,0.2134052054074316,2.19341220593233,0.9807933716318361
阳江市,Yangjiang,2015,3,5,0,21.34485153884074,85.584457629519,48.38264711562798,23.12367425875622,78.35846802046022,158.53251767433022,0.8789497707780449,0.8578049439916495,0.02569670676677429,0.025203159669619172,0.43862940331661404,2.19341220593233,0.9807933716318361
阳江市,Yangjiang,2015,4,4,0,23.211545709480625,77.39626085725033,68.92839661028667,23.12367425875622,78.35846802046022,158.53251767433022,0.9798595589634913,0.9562871531922987,0.0275537362868083,0.027024521913793183,0.5876492441339904,2.19341220593233,0.9807933716318361
阳江市,Yangjiang,2015,5,5,0,27.74236635599914,89.60366396800366,503.3732240973617,23.12367425875622,78.35846802046022,158.53251767433022,1.5061852486473468,1.4699510663883535,0.03585813233323375,0.035169418511532886,0.9472431152501912,2.19341220593233,0.9807933716318361
阳江市,Yangjiang,2015,6,4,0,29.303913516973825,84.82809786176807,139.97353720390194,23.12367425875622,78.35846802046022,158.53251767433022,1.4667019162054091,1.4314175814271148,0.03709861480582216,0.03638607549827307,1.0594038345805383,2.19341220593233,0.9807933716318361
阳江市,Yangjiang,2015,7,4,0,28.175485269580925,83.26549336745755,300.5913215639423,23.12367425875622,78.35846802046022,158.53251767433022,1.4458623332172666,1.4110793346782378,0.035753831826867984,0.0350671212662315,0.9793715652916091,2.19341220593233,0.9807933716318361
阳江市,Yangjiang,2015,8,5,1,28.53498323766948,84.52957185890722,274.3722068501338,23.12367425875622,78.35846802046022,158.53251767433022,1.4680446856430414,1.432728047964039,0.03634002479657441,0.035642055445416744,1.0054875911532855,2.19341220593233,0.9807933716318361
阳江市,Yangjiang,2015,9,4,7,27.956611700178826,81.68190450501746,97.8302567284274,23.12367425875622,78.35846802046022,158.53251767433022,1.3349413167744941,1.3028267365656472,1.2768445961729722,1.2523207165303796,0.9632213086305634,2.19341220593233,0.9807933716318361
阳江市,Yangjiang,2015,10,4,3,24.5791499773866,75.76087358980308,285.0230125046756,23.12367425875622,78.35846802046022,158.53251767433022,1.149520356361842,1.1218664338843485,5.741132217136714,5.630864424229677,0.6983467640916894,2.19341220593233,0.9807933716318361
阳江市,Yangjiang,2015,11,5,0,22.488915889373025,77.6653096968996,36.05550947566447,23.12367425875622,78.35846802046022,158.53251767433022,0.9176813423457719,0.8956047531319974,2.440340454440009,2.3934697422397835,0.5294716429500184,2.19341220593233,0.9807933716318361
阳江市,Yangjiang,2015,12,4,0,16.470004785890627,75.06047126048605,77.75536931687392,23.12367425875622,78.35846802046022,158.53251767433022,0.5498243336128461,0.5365972520619884,0.06520166148263351,0.06394935740154974,0.08959241520328233,2.19341220593233,0.9807933716318361
阳江市,Yangjiang,2016,1,5,0,14.10469678766684,80.17720611240927,250.603007905035,23.12367425875622,78.35846802046022,158.53251767433022,0.47153081986438083,0.4601872393300193,0.021934122059323304,0.021512841528347936,0.0,2.19341220593233,0.9807933716318361
阳江市,Yangjiang,2016,2,4,0,15.449234218593876,72.21763636770424,15.21332305193881,23.12367425875622,78.35846802046022,158.53251767433022,0.45409160017604144,0.44316755360352783,0.02205944277356288,0.021635755254202277,0.0282784046847646,2.19341220593233,0.9807933716318361
阳江市,Yangjiang,2016,3,4,0,18.36227551414025,84.46541038330238,91.78613082742676,23.12367425875622,78.35846802046022,158.53251767433022,0.7033874975740693,0.686466158841875,0.02341342222620111,0.022963729326675557,0.21549498803750292,2.19341220593233,0.9807933716318361
阳江市,Yangjiang,2016,4,4,0,24.53440114700175,90.59346120924594,211.5418137570926,23.12367425875622,78.35846802046022,158.53251767433022,1.1802346441322602,1.1518418304048172,0.029936285142174925,0.029361310038725785,0.6947275981494131,2.19341220593233,0.9807933716318361
阳江市,Yangjiang,2016,5,5,0,27.30096436005952,86.09677282717736,363.117230784422,23.12367425875622,78.35846802046022,158.53251767433022,1.4156729796915823,1.3816162440998987,0.03455990203166491,0.03389612283690257,0.913841309137698,2.19341220593233,0.9807933716318361
阳江市,Yangjiang,2016,6,4,0,28.5862676349202,86.68352112208848,316.9267753837854,23.12367425875622,78.35846802046022,158.53251767433022,1.4971746670416932,1.461157251648829,0.03667966854316117,0.03597517578078524,1.0091690314097537,2.19341220593233,0.9807933716318361
阳江市,Yangjiang,2016,7,5,0,28.85521331160544,84.76382149470814,282.2421078486153,23.12367425875622,78.35846802046022,158.53251767433022,1.4957453612404945,1.4597623305469565,0.03694461232571603,0.03623503088657012,1.0282831631070015,2.19341220593233,0.9807933716318361
阳江市,Yangjiang,2016,8,4,0,28.19546515056455,86.40733448167813,310.9425916558519,23.12367425875622,78.35846802046022,158.53251767433022,1.464846618930464,1.4296069168954963,0.03595623172884772,0.03526563374851216,0.9808367253828435,2.19341220593233,0.9807933716318361
阳江市,Yangjiang,2016,9,4,0,27.403424694591425,80.09347102731708,146.12305878017403,23.12367425875622,78.35846802046022,158.53251767433022,1.3125791682924122,1.281002552563386,0.0337404715731059,0.033092430874634655,0.9216491793991486,2.19341220593233,0.9807933716318361
阳江市,Yangjiang,2016,10,5,0,25.69865627164254,76.60198130130797,107.55581684118836,23.12367425875622,78.35846802046022,158.53251767433022,1.1604698829723912,1.1325525485784602,0.0308630674198837,0.030270291953648408,0.7883912646497235,2.19341220593233,0.9807933716318361
阳江市,Yangjiang,2016,11,4,0,20.450309593620126,79.06615007214333,67.88056622711159,23.12367425875622,78.35846802046022,158.53251767433022,0.8078219799580322,0.7883882689447905,0.02484514475844508,0.02436795329631639,0.36923719108834563,2.19341220593233,0.9807933716318361
阳江市,Yangjiang,2016,12,4,0,19.109555979091525,62.271664770806126,3.2952669626311155,23.12367425875622,78.35846802046022,158.53251767433022,0.620815479358643,0.6058805692946339,0.023563781936440414,0.02311120113383875,0.2689737812543418,2.19341220593233,0.9807933716318361
阳江市,Yangjiang,2017,1,5,0,18.001637373203984,73.04953174662587,39.31143465106015,23.12367425875622,78.35846802046022,158.53251767433022,0.620186405956672,0.6052666294629336,0.023086507704320598,0.02264309373052496,0.19039305801805598,2.19341220593233,0.9807933716318361
阳江市,Yangjiang,2017,2,4,0,16.620685026146326,70.41574760296457,19.819601416840868,23.12367425875622,78.35846802046022,158.53251767433022,0.5185503683059824,0.506075642124365,0.02243544518691665,0.02200453592893723,0.09906090826441144,2.19341220593233,0.9807933716318361
阳江市,Yangjiang,2017,3,4,0,20.066213859467176,84.51739718806165,69.7071416677293,23.12367425875622,78.35846802046022,158.53251767433022,0.8029487073167317,0.7836322322472368,0.024598534603708092,0.024126079691173252,0.3400080337104056,2.19341220593233,0.9807933716318361
阳江市,Yangjiang,2017,4,5,0,23.66863647932002,84.1216953456887,140.8360774920083,23.12367425875622,78.35846802046022,158.53251767433022,1.0692788807220897,1.043555321229941,0.028452394233756582,0.02790591967152433,0.6246216220478664,2.19341220593233,0.9807933716318361
阳江市,Yangjiang,2017,5,4,0,26.51329546586,82.96548035782273,137.91370774669704,23.12367425875622,78.35846802046022,158.53251767433022,1.259046568310901,1.228757782207261,0.03241377395146268,0.03179121464116726,0.8528655560833484,2.19341220593233,0.9807933716318361
阳江市,Yangjiang,2017,6,4,0,28.425100455587824,87.62103612316993,289.6600533577454,23.12367425875622,78.35846802046022,158.53251767433022,1.479001690960806,1.4434214614506837,0.03633314166421625,0.035635304514823794,0.9975616955578231,2.19341220593233,0.9807933716318361
阳江市,Yangjiang,2017,7,5,0,27.956500681835223,86.71099130114152,454.4075813710821,23.12367425875622,78.35846802046022,158.53251767433022,1.4959405719368268,1.4599528450746362,0.03599657870003908,0.03530520579042206,0.9632130714466237,2.19341220593233,0.9807933716318361
阳江市,Yangjiang,2017,8,4,1,28.73974691581555,84.05746016941733,248.94581164052985,23.12367425875622,78.35846802046022,158.53251767433022,1.4709452218896535,1.435558806234069,0.036578503626801775,0.03587595390137826,1.0201171490769771,2.19341220593233,0.9807933716318361
阳江市,Yangjiang,2017,9,4,0,28.344410646413248,85.4294254024567,199.1829150080033,23.12367425875622,78.35846802046022,158.53251767433022,1.4272451911139283,1.3929100637253569,1.403295918358741,1.3763433351642633,0.9917092512096201,2.19341220593233,0.9807933716318361
阳江市,Yangjiang,2017,10,5,1,24.23518610608574,71.59086139285719,170.5240506102173,23.12367425875622,78.35846802046022,158.53251767433022,1.0643352796672614,1.038730648004075,0.23087763151898913,0.22644325065188203,0.6705091124478119,2.19341220593233,0.9807933716318361
阳江市,Yangjiang,2017,11,4,0,20.5384865799622,76.13328477337674,27.75042918545357,23.12367425875622,78.35846802046022,158.53251767433022,0.7834673656274121,0.7646195516911042,0.30943014630883153,0.3034870364827712,0.3759987873886498,2.19341220593233,0.9807933716318361
阳江市,Yangjiang,2017,12,5,0,17.36648109168412,58.53760581422796,7.7283599344110625,23.12367425875622,78.35846802046022,158.53251767433022,0.5010191390269152,0.48896616027476725,0.04355643910708336,0.04271986676811305,0.14740159138763115,2.19341220593233,0.9807933716318361
阳江市,Yangjiang,2018,1,4,0,14.454380509490292,68.03386991261755,29.134122887116924,23.12367425875622,78.35846802046022,158.53251767433022,0.38603536191574606,0.3767485390135609,0.021934122059323304,0.021512841528347936,0.0,2.19341220593233,0.9807933716318361
阳江市,Yangjiang,2018,2,4,0,17.071315108456325,72.24961181378615,17.66025927243127,23.12367425875622,78.35846802046022,158.53251767433022,0.5515184840010694,0.5382506464050996,0.022622989889581356,0.022188478530195437,0.1279827223355704,2.19341220593233,0.9807933716318361
阳江市,Yangjiang,2018,3,4,0,20.4946156606707,77.22370176894235,29.05486300622341,23.12367425875622,78.35846802046022,158.53251767433022,0.7855966479611485,0.7666976100441045,0.024791085426436293,0.024314932261807327,0.37263235592304006,2.19341220593233,0.9807933716318361
阳江市,Yangjiang,2018,4,5,0,23.20778527133916,82.34468990638614,126.61341937219652,23.12367425875622,78.35846802046022,158.53251767433022,1.0255348131217812,1.0008636012871355,0.027812649196563025,0.027278461979510525,0.5873454814102332,2.19341220593233,0.9807933716318361
阳江市,Yangjiang,2018,5,4,0,28.010851422461226,83.0165253883963,135.4828605950205,23.12367425875622,78.35846802046022,158.53251767433022,1.363662051572789,1.3308565388639535,0.03480670286982666,0.034138183463084795,0.9672403023613391,2.19341220593233,0.9807933716318361
阳江市,Yangjiang,2018,6,4,0,27.900551674270723,85.87536444199907,354.8128845924474,23.12367425875622,78.35846802046022,158.53251767433022,1.456216289281488,1.4211842064206803,0.035564076646903614,0.03488101064348964,0.9590561537344969,2.19341220593233,0.9807933716318361
阳江市,Yangjiang,2018,7,5,4,28.12795116444058,87.45814632531592,365.3418272468704,23.12367425875622,78.35846802046022,158.53251767433022,1.4833514558804204,1.4476665844114007,0.03606160451301883,0.03536898267677758,0.9758795710159706,2.19341220593233,0.9807933716318361
阳江市,Yangjiang,2018,8,4,24,27.506231969921924,88.79127923629594,481.68100768233785,23.12367425875622,78.35846802046022,158.53251767433022,1.4788053114063644,1.4432298061840243,5.387581143855791,5.284103875022426,0.9294512555806205,2.19341220593233,0.9807933716318361
阳江市,Yangjiang,2018,9,5,10,26.88940379115612,76.79014171468721,240.6736790430998,23.12367425875622,78.35846802046022,158.53251767433022,1.3001077239985532,1.26883113284219,28.22917786142871,27.686990533105448,0.8821781244563861,2.19341220593233,0.9807933716318361
阳江市,Yangjiang,2018,10,4,9,23.826270925938573,71.76433867399143,41.08130896055607,23.12367425875622,78.35846802046022,158.53251767433022,0.980122514481499,0.9565437828097082,10.508583111372118,10.30674866087603,0.6373873372911543,2.19341220593233,0.9807933716318361
阳江市,Yangjiang,2018,11,4,11,22.32971198606525,77.67576463511217,42.49859582915223,23.12367425875622,78.35846802046022,158.53251767433022,0.9107629160392913,0.8888527628731142,5.533408852751468,5.4271307253075625,0.5167217564880053,2.19341220593233,0.9807933716318361
阳江市,Yangjiang,2018,12,5,0,16.80511930701118,77.74328604057553,11.18577610229366,23.12367425875622,78.35846802046022,158.53251767433022,0.5520453489623032,0.5387648366166315,0.8396824292986916,0.8235549609318746,0.1107898166435107,2.19341220593233,0.9807933716318361
阳江市,Yangjiang,2019,1,4,2,17.6266957244149,74.10527117995355,2.555859705302897,23.12367425875622,78.35846802046022,158.53251767433022,0.5847622092892485,0.5706946299602206,0.3323390570076568,0.3259559442474847,0.16482037250999096,2.19341220593233,0.9807933716318361
阳江市,Yangjiang,2019,2,4,1,20.264065931545225,87.83148716030895,68.15569221566189,23.12367425875622,78.35846802046022,158.53251767433022,0.8253590979929251,0.8055034978848695,0.5938702200024198,0.5824639753879136,0.355017761837729,2.19341220593233,0.9807933716318361
阳江市,Yangjiang,2019,3,5,0,21.03357624229458,87.08575793663945,169.1630718862798,23.12367425875622,78.35846802046022,158.53251767433022,0.9139207183324166,0.8919345981602357,0.6131677871784456,0.6013909013627797,0.4142916324376813,2.19341220593233,0.9807933716318361
阳江市,Yangjiang,2019,4,4,0,25.3425110444602,88.04629705842773,167.5709772807733,23.12367425875622,78.35846802046022,158.53251767433022,1.2101975835720966,1.1810839537234938,0.2911788425274678,0.2855862787103706,0.7598802766992745,2.19341220593233,0.9807933716318361
阳江市,Yangjiang,2019,5,4,0,26.16297558401105,88.80939441872145,323.1691570078622,23.12367425875622,78.35846802046022,158.53251767433022,1.3299412973515314,1.2979470022239736,0.03264589922783082,0.03201888157361735,0.825286175025126,2.19341220593233,0.9807933716318361
阳江市,Yangjiang,2019,6,5,1,28.742004611521377,86.60026383034023,283.4356531452829,23.12367425875622,78.35846802046022,158.53251767433022,1.4958161360900915,1.45983140277146,0.036828452033398774,0.03612110164181853,1.0202774064045266,2.19341220593233,0.9807933716318361
阳江市,Yangjiang,2019,7,4,0,28.56893889830055,86.11683341606192,274.1057791360396,23.12367425875622,78.35846802046022,158.53251767433022,1.4773459450124717,1.4418055476548157,1.4751679541854452,1.4468349515087808,1.007926370161285,2.19341220593233,0.9807933716318361
阳江市,Yangjiang,2019,8,4,3,28.634779928889625,85.79187019057974,261.4313582063111,23.12367425875622,78.35846802046022,158.53251767433022,1.475836672443924,1.4403325835399436,0.45949602406788426,0.4506706546969635,1.0126408928257238,2.19341220593233,0.9807933716318361
阳江市,Yangjiang,2019,9,5,1,27.45148807564906,75.02994116430426,134.22250938995015,23.12367425875622,78.35846802046022,158.53251767433022,1.2855930057872145,1.2546655940864193,3.504763401951296,3.4374487137716754,0.9253008122396638,2.19341220593233,0.9807933716318361
阳江市,Yangjiang,2019,10,4,1,24.966769171616576,72.08346156000553,46.10907007023289,23.12367425875622,78.35846802046022,158.53251767433022,1.0586230631201197,1.033155849809462,1.4542328872603871,1.4263019766340148,0.7296493123549628,2.19341220593233,0.9807933716318361
阳江市,Yangjiang,2019,11,4,0,21.714650635847576,60.859422997808,0.318850902729492,23.12367425875622,78.35846802046022,158.53251767433022,0.766682313012307,0.7482382957910636,0.4769431113789231,0.4677826422859123,0.46777466059952344,2.19341220593233,0.9807933716318361
阳江市,Yangjiang,2019,12,5,0,18.26552101855156,61.83037839215864,2.106695389717317,23.12367425875622,78.35846802046022,158.53251767433022,0.5683299819008472,0.5546577113976409,0.05666346045748556,0.05557514643042449,0.20871333607803133,2.19341220593233,0.9807933716318361
湛江市,Zhanjiang,2005,1,5,0,16.58876762408424,77.65329261475844,16.7604000790146,23.916766980465834,79.14285983161808,142.91544012616387,0.4783803259857765,0.49147488698868214,0.08045838122507558,0.10736072710661931,0.09704665670808248,7.998142127869324,1.3343634991398432
湛江市,Zhanjiang,2005,2,4,0,17.2579177609125,80.9314305655218,27.0366941732665,23.916766980465834,79.14285983161808,142.91544012616387,0.5306579695680328,0.545183510809445,0.08074585929429652,0.10774432734899093,0.1402166427352712,7.998142127869324,1.3343634991398432
湛江市,Zhanjiang,2005,3,4,0,19.802330093594176,83.4135206140113,25.340012233249,23.916766980465834,79.14285983161808,142.91544012616387,0.6836384161929469,0.7023514452589341,0.08223000419218374,0.10972471612816627,0.32015067793610336,7.998142127869324,1.3343634991398432
湛江市,Zhanjiang,2005,4,4,0,24.172369897164725,81.72680351790713,55.52802006760197,23.916766980465834,79.14285983161808,142.91544012616387,0.9537638666208471,0.979870958521205,0.08650169664820483,0.11542470662103184,0.6654218407852218,7.998142127869324,1.3343634991398432
湛江市,Zhanjiang,2005,5,5,0,28.70049325979802,80.49097472158539,186.598870351795,23.916766980465834,79.14285983161808,142.91544012616387,1.2973748183521874,1.3328874696459854,0.09354124695266666,0.12481802559766449,1.0173271174628804,7.998142127869324,1.3343634991398432
湛江市,Zhanjiang,2005,6,4,0,28.4645095207396,84.40597965399618,282.9643962772164,23.916766980465834,79.14285983161808,142.91544012616387,1.3367167153189559,1.3733062605438322,0.09372011690634294,0.12505670313494294,1.000410179606197,7.998142127869324,1.3343634991398432
湛江市,Zhanjiang,2005,7,5,0,29.27455122659838,80.81382438726922,171.48264156465012,23.916766980465834,79.14285983161808,142.91544012616387,1.3301959662143714,1.3666070209322256,0.09443190351390142,0.12600648520324556,1.0573985069497778,7.998142127869324,1.3343634991398432
湛江市,Zhanjiang,2005,8,4,0,28.021970623991123,84.64415994440884,249.79742543498529,23.916766980465834,79.14285983161808,142.91544012616387,1.295692327482624,1.3311589244591109,0.09286787640802159,0.12391950452149418,0.968062858051641,7.998142127869324,1.3343634991398432
湛江市,Zhanjiang,2005,9,4,0,27.60730016565988,83.19568280807769,211.005944676036,23.916766980465834,79.14285983161808,142.91544012616387,1.2471430100924348,1.2812806811836333,0.09198815872036097,0.12274564134953214,0.9370887751601815,7.998142127869324,1.3343634991398432
湛江市,Zhanjiang,2005,10,5,0,25.64153640727232,73.28242295479927,20.714141611930696,23.916766980465834,79.14285983161808,142.91544012616387,0.9884311550756458,1.0154871842520952,0.08794111061845582,0.11734540808308673,0.7838296202255756,7.998142127869324,1.3343634991398432
湛江市,Zhanjiang,2005,11,4,0,22.961242904261827,72.66090181606695,9.49136638016506,23.916766980465834,79.14285983161808,142.91544012616387,0.8197883851669658,0.8422282064470774,0.0847606442752354,0.11310150988445063,0.5674498859048225,7.998142127869324,1.3343634991398432
湛江市,Zhanjiang,2005,12,4,0,16.795862297828528,54.11709564338037,2.830421523941012,23.916766980465834,79.14285983161808,142.91544012616387,0.38089643114525873,0.39132259476965686,0.08041264905030776,0.10729970376187285,0.1101975141170575,7.998142127869324,1.3343634991398432
湛江市,Zhanjiang,2006,1,5,0,17.7001319010256,75.93324718353638,9.677797218145692,23.916766980465834,79.14285983161808,142.91544012616387,0.5316932182924903,0.5462470970863461,0.08090887027286921,0.10796184324875739,0.16978561517725926,7.998142127869324,1.3343634991398432
湛江市,Zhanjiang,2006,2,4,0,17.9791894064174,78.73407425790406,48.22355559840394,23.916766980465834,79.14285983161808,142.91544012616387,0.5740217345061654,0.5897342590628467,0.0810951148501749,0.10821036121462684,0.18884668041016475,7.998142127869324,1.3343634991398432
湛江市,Zhanjiang,2006,3,4,0,21.04346301059395,88.00905025097603,80.79782539945029,23.916766980465834,79.14285983161808,142.91544012616387,0.7966662646187819,0.8184731710368308,0.08337858992022568,0.11125734699929839,0.41506169801863535,7.998142127869324,1.3343634991398432
湛江市,Zhanjiang,2006,4,5,0,25.59449971999632,83.45762434807276,175.43658448741863,23.916766980465834,79.14285983161808,142.91544012616387,1.1033068222034528,1.1335073085183824,0.08882357034855262,0.1185229301363887,0.7800698772217922,7.998142127869324,1.3343634991398432
湛江市,Zhanjiang,2006,5,4,0,26.997565010648675,78.76268467532353,186.09835787635572,23.916766980465834,79.14285983161808,142.91544012616387,1.178207782235141,1.2104585100358385,0.09076108488334966,0.12110827881067478,0.8905438323811098,7.998142127869324,1.3343634991398432
湛江市,Zhanjiang,2006,6,4,0,28.6027254643826,83.09229893027667,210.29752758448976,23.916766980465834,79.14285983161808,142.91544012616387,1.3123124144257576,1.3482339480510335,0.0936032763209987,0.12490079532264145,1.0103480232044901,7.998142127869324,1.3343634991398432
湛江市,Zhanjiang,2006,7,5,0,28.63057957136072,82.35183265011025,473.2356655123809,23.916766980465834,79.14285983161808,142.91544012616387,1.4003188686026495,1.438649376469276,0.0945454544157255,0.126158003381934,1.0123406978269593,7.998142127869324,1.3343634991398432
湛江市,Zhanjiang,2006,8,4,0,28.251866562816826,84.99450026266908,245.7385639749629,23.916766980465834,79.14285983161808,142.91544012616387,1.3109465788801287,1.346830725899182,0.0932472227216847,0.12442569039597949,0.9849642711510642,7.998142127869324,1.3343634991398432
湛江市,Zhanjiang,2006,9,4,0,26.4309826277758,79.19094263590165,105.87981580664672,23.916766980465834,79.14285983161808,142.91544012616387,1.1087409126604828,1.1390901447016049,0.0896227685128129,0.11958935099535717,0.846407747355702,7.998142127869324,1.3343634991398432
湛江市,Zhanjiang,2006,10,5,0,26.10753834565866,73.65127017439436,41.38766461261869,23.916766980465834,79.14285983161808,142.91544012616387,1.0303688075107391,1.0585727834531813,0.08867124662766648,0.11831967492318507,0.8209001293823251,7.998142127869324,1.3343634991398432
湛江市,Zhanjiang,2006,11,4,0,23.32362830942833,78.77545005860925,63.028758492957934,23.916766980465834,79.14285983161808,142.91544012616387,0.894615208994405,0.919103242452229,0.08546577188533669,0.1140424064296055,0.5967066977166614,7.998142127869324,1.3343634991398432
湛江市,Zhanjiang,2006,12,5,0,18.57049169927292,63.35441154020866,15.196352749929762,23.916766980465834,79.14285983161808,142.91544012616387,0.5312024746576162,0.5457429204733276,0.0812377384237881,0.10840067290537318,0.23020310442236416,7.998142127869324,1.3343634991398432
湛江市,Zhanjiang,2007,1,4,0,15.614798800607277,63.783568261950776,22.653191472738555,23.916766980465834,79.14285983161808,142.91544012616387,0.37641404940844514,0.38671751814364597,0.0801278970902927,0.10691974114012022,0.03787669415716892,7.998142127869324,1.3343634991398432
湛江市,Zhanjiang,2007,2,4,0,21.23538041428915,86.56721102454091,25.05743812035528,23.916766980465834,79.14285983161808,142.91544012616387,0.7774403888007895,0.7987210310937112,0.0834163106956442,0.11130768022517612,0.43004870076445606,7.998142127869324,1.3343634991398432
湛江市,Zhanjiang,2007,3,4,0,21.67107918156417,84.01952100167632,35.32435481260359,23.916766980465834,79.14285983161808,142.91544012616387,0.8005746666065553,0.8224885565385005,0.08380047031065394,0.11182028879328873,0.46432853096867716,7.998142127869324,1.3343634991398432
湛江市,Zhanjiang,2007,4,5,0,22.88740097480314,81.38570889995408,130.23693145578258,23.916766980465834,79.14285983161808,142.91544012616387,0.9076078003040564,0.9324514760620511,0.0852171311044558,0.11371062924720042,0.5614994410083549,7.998142127869324,1.3343634991398432
湛江市,Zhanjiang,2007,5,4,0,27.71669658167365,78.99255836104578,118.9220848752794,23.916766980465834,79.14285983161808,142.91544012616387,1.1959535223199473,1.2286899989348405,0.09159644855320273,0.12222295760023423,0.9453179634064448,7.998142127869324,1.3343634991398432
湛江市,Zhanjiang,2007,6,4,0,29.139661004900624,81.02501886008702,223.5240700164358,23.916766980465834,79.14285983161808,142.91544012616387,1.3443800272633724,1.3811793380247677,0.09445795727906214,0.1260412503964912,1.0481286247064692,7.998142127869324,1.3343634991398432
湛江市,Zhanjiang,2007,7,5,0,29.85479116506146,77.88441463147922,114.50390591068953,23.916766980465834,79.14285983161808,142.91544012616387,1.3272773543057348,1.3636085187362894,0.09492859033232945,0.12666924596425982,1.0961481134987598,7.998142127869324,1.3343634991398432
湛江市,Zhanjiang,2007,8,4,0,28.1420525617998,83.72588270045715,273.17018465606543,23.916766980465834,79.14285983161808,142.91544012616387,1.3086073609964772,1.3444274773068816,0.09311535395098677,0.12424972952168374,0.9769164119289685,7.998142127869324,1.3343634991398432
湛江市,Zhanjiang,2007,9,5,46,27.11803018735542,79.15926110797362,247.41222118193872,23.916766980465834,79.14285983161808,142.91544012616387,1.211469958727431,1.244631162096433,0.0911809209629185,0.12166849275087341,0.8998247854698604,7.998142127869324,1.3343634991398432
湛江市,Zhanjiang,2007,10,4,159,24.1076601798128,70.60106199159353,24.917920566763232,23.916766980465834,79.14285983161808,142.91544012616387,0.8862624799674941,0.9105218766820359,27.73099074049491,37.00322183910138,0.6601806212875263,7.998142127869324,1.3343634991398432
湛江市,Zhanjiang,2007,11,4,0,21.074122089315924,53.23375933018213,0.0509550313201893,23.916766980465834,79.14285983161808,142.91544012616387,0.5992087433344585,0.6156107043199961,44.48738285428666,59.36233985301981,0.41745095562504386,7.998142127869324,1.3343634991398432
湛江市,Zhanjiang,2007,12,5,0,19.22371166033086,69.42452965241546,9.68310900134275,23.916766980465834,79.14285983161808,142.91544012616387,0.5922781473625202,0.6084903992258149,8.128792689761287,10.846764257292248,0.2773062351417232,7.998142127869324,1.3343634991398432
湛江市,Zhanjiang,2008,1,4,0,14.591369897304352,79.2654126361483,58.14017907806709,23.916766980465834,79.14285983161808,142.91544012616387,0.3880929422495737,0.3987160938112775,0.07998142127869323,0.10672428916361501,0.0,7.998142127869324,1.3343634991398432
湛江市,Zhanjiang,2008,2,4,0,13.5768624608004,69.05943393008889,16.06065820173034,23.916766980465834,79.14285983161808,142.91544012616387,0.2849059955062019,0.29270464176232,0.07998142127869323,0.10672428916361501,0.0,7.998142127869324,1.3343634991398432
湛江市,Zhanjiang,2008,3,5,0,21.039684177694262,81.99642458855152,101.64632213673798,23.916766980465834,79.14285983161808,142.91544012616387,0.7861006695851644,0.8076183671432658,0.08333115855201813,0.11119405631284798,0.41476734675731736,7.998142127869324,1.3343634991398432
湛江市,Zhanjiang,2008,4,4,0,25.190344897478877,83.39357723417493,76.30442999243701,23.916766980465834,79.14285983161808,142.91544012616387,1.0333684292495813,1.0616545129370776,0.0879189207257084,0.11731579870015474,0.7476537188219536,7.998142127869324,1.3343634991398432
湛江市,Zhanjiang,2008,5,4,0,26.5119336616378,82.3589614683809,226.30363484298465,23.916766980465834,79.14285983161808,142.91544012616387,1.177886221171086,1.2101281469773437,0.09030089595905202,0.1204942195073836,0.8527588343544248,7.998142127869324,1.3343634991398432
湛江市,Zhanjiang,2008,6,5,0,27.551469126038818,85.85204782004587,514.8096691670561,23.916766980465834,79.14285983161808,142.91544012616387,1.3524113317389708,1.3894304809859306,0.09294305413745464,0.12401981893959786,0.9328737951368338,7.998142127869324,1.3343634991398432
湛江市,Zhanjiang,2008,7,4,0,28.29786958600995,83.11330116375133,298.9681130123247,23.916766980465834,79.14285983161808,142.91544012616387,1.3257337847042105,1.3620226974676053,0.09344258408381217,0.12468637346674463,0.98832147438858,7.998142127869324,1.3343634991398432
湛江市,Zhanjiang,2008,8,5,0,28.23814790551876,83.03298221294263,326.758943204223,23.916766980465834,79.14285983161808,142.91544012616387,1.3309781130745972,1.3674105772635734,0.09343621457796114,0.12467787423062945,0.9839614760179269,7.998142127869324,1.3343634991398432
湛江市,Zhanjiang,2008,9,4,0,28.084040260385372,78.93732168114002,234.02075358615951,23.916766980465834,79.14285983161808,142.91544012616387,1.2688244415317944,1.3035555919347266,0.09266040301749362,0.12364265960213087,0.9726460319181588,7.998142127869324,1.3343634991398432
湛江市,Zhanjiang,2008,10,4,0,26.052180644907374,80.48098717859588,88.64385053822946,23.916766980465834,79.14285983161808,142.91544012616387,1.0819813409164352,1.1115980912362573,0.08905778536143538,0.11883545810053002,0.816514903569861,7.998142127869324,1.3343634991398432
湛江市,Zhanjiang,2008,11,5,0,20.77583690819088,60.73567785141207,31.72033056461193,23.916766980465834,79.14285983161808,142.91544012616387,0.64667395864994,0.6643751707202372,0.08260098086322452,0.1102197338570355,0.39428920585509963,7.998142127869324,1.3343634991398432
湛江市,Zhanjiang,2008,12,4,0,17.294073728004552,61.90324886286483,39.018291133242656,23.916766980465834,79.14285983161808,142.91544012616387,0.46492166944251195,0.4776478306815691,0.08066256649962288,0.10763318448403708,0.14260406457990024,7.998142127869324,1.3343634991398432
湛江市,Zhanjiang,2009,1,4,0,14.9347476760041,64.95189261050632,5.8834967040867685,23.916766980465834,79.14285983161808,142.91544012616387,0.3380371705592723,0.34729016051452727,0.07998142127869323,0.10672428916361501,0.0,7.998142127869324,1.3343634991398432
湛江市,Zhanjiang,2009,2,4,0,21.72286205924155,84.18703795434058,7.708521177290355,23.916766980465834,79.14285983161808,142.91544012616387,0.7895300052408185,0.8111415729739734,0.08378100679933208,0.11179431739421575,0.46842445847129044,7.998142127869324,1.3343634991398432
湛江市,Zhanjiang,2009,3,5,0,21.13983041534468,83.91274659011756,113.85228748609022,23.916766980465834,79.14285983161808,142.91544012616387,0.8034400510786344,0.8254323743192427,0.08346951676190051,0.11137867645792136,0.42257798357909104,7.998142127869324,1.3343634991398432
湛江市,Zhanjiang,2009,4,4,0,23.9340839984659,83.63628797988542,176.7270583300531,23.916766980465834,79.14285983161808,142.91544012616387,0.9991335560281565,1.0264825388118877,0.08661373313609498,0.11557420402104428,0.6461202803389511,7.998142127869324,1.3343634991398432
湛江市,Zhanjiang,2009,5,5,0,26.57884027173398,83.57198115398617,255.5323407999793,23.916766980465834,79.14285983161808,142.91544012616387,1.197926582677494,1.2307170672810335,0.09054094137275197,0.12081452734556071,0.8579973720026003,7.998142127869324,1.3343634991398432
湛江市,Zhanjiang,2009,6,4,0,28.7340933340871,84.98955093997233,287.4258219944693,23.916766980465834,79.14285983161808,142.91544012616387,1.3590087738253172,1.3962085128732575,0.09421877925753111,0.1257220999747637,1.0197157407054351,7.998142127869324,1.3343634991398432
湛江市,Zhanjiang,2009,7,4,0,29.017406648983677,83.53246823254378,172.69642848457642,23.916766980465834,79.14285983161808,142.91544012616387,1.325672749861338,1.3619599919363081,0.09414100504078796,0.12561832089876743,1.0396475554295792,7.998142127869324,1.3343634991398432
湛江市,Zhanjiang,2009,8,5,0,29.13996002708176,82.45496028287343,356.2487537316598,23.916766980465834,79.14285983161808,142.91544012616387,1.3996489621532189,1.4379611328717818,0.0950534004948977,0.1268357880895126,1.0481492768934515,7.998142127869324,1.3343634991398432
湛江市,Zhanjiang,2009,9,4,0,28.488073452078822,79.82912729954509,294.7183338326593,23.916766980465834,79.14285983161808,142.91544012616387,1.322271334625961,1.3584654707831572,0.09359474294021207,0.12488940869079551,1.0021102452954316,7.998142127869324,1.3343634991398432
湛江市,Zhanjiang,2009,10,4,0,25.92895699838945,74.85705152977837,79.86300965859091,23.916766980465834,79.14285983161808,142.91544012616387,1.0453016733712288,1.0739144021664466,0.08864506191431715,0.11828473499745627,0.8067347470288547,7.998142127869324,1.3343634991398432
湛江市,Zhanjiang,2009,11,5,0,19.81713688772826,68.97124743957076,26.286492877917368,23.916766980465834,79.14285983161808,142.91544012616387,0.6316733708032128,0.6489639762871424,0.08206628188511787,0.10950625105762261,0.32125983607789166,7.998142127869324,1.3343634991398432
湛江市,Zhanjiang,2009,12,4,0,18.25420534633125,79.90813032920333,47.591807893773975,23.916766980465834,79.14285983161808,142.91544012616387,0.5932882661873107,0.6095281677298521,0.08124876708841898,0.10841538915290087,0.2079224352249209,7.998142127869324,1.3343634991398432
湛江市,Zhanjiang,2010,1,5,0,18.28055007812372,86.716835885969,58.33590788674925,23.916766980465834,79.14285983161808,142.91544012616387,0.619575093158106,0.6365345361212369,0.0813166448060727,0.10850596270174293,0.20976450634017985,7.998142127869324,1.3343634991398432
湛江市,Zhanjiang,2010,2,4,0,20.32411873550505,80.61960418100935,17.952226885189855,23.916766980465834,79.14285983161808,142.91544012616387,0.7012950385741694,0.7204913770622149,0.08257226020892396,0.1101814100642654,0.35959332931849897,7.998142127869324,1.3343634991398432
湛江市,Zhanjiang,2010,3,4,0,20.68794102263465,78.63400534834423,32.05890125040895,23.916766980465834,79.14285983161808,142.91544012616387,0.7226447013020132,0.7424254376964842,0.08285832659906864,0.11056312661360518,0.3875009090881293,7.998142127869324,1.3343634991398432
湛江市,Zhanjiang,2010,4,4,0,23.210259535917626,87.02741507153775,177.8663087281793,23.916766980465834,79.14285983161808,142.91544012616387,0.9658886968336954,0.9923276780703149,0.08581179638793264,0.11450412889567756,0.587545347981947,7.998142127869324,1.3343634991398432
湛江市,Zhanjiang,2010,5,5,0,27.672079887680383,85.317422791138,395.2036596963668,23.916766980465834,79.14285983161808,142.91544012616387,1.3242760567126872,1.360525067525534,0.09279711234578773,0.12382507953979846,0.9419665519579979,7.998142127869324,1.3343634991398432
湛江市,Zhanjiang,2010,6,4,0,29.148718973962,84.36210411979067,207.8498950861391,23.916766980465834,79.14285983161808,142.91544012616387,1.353191556400967,1.390232062503294,0.09456153591207389,0.12617946194367285,1.0487540193201461,7.998142127869324,1.3343634991398432
湛江市,Zhanjiang,2010,7,4,0,29.6528973757204,79.7871995494266,261.7935792909499,23.916766980465834,79.14285983161808,142.91544012616387,1.3882101102733113,1.426209168734517,0.09542557096189436,0.12733239877613076,1.082881110412774,7.998142127869324,1.3343634991398432
湛江市,Zhanjiang,2010,8,5,0,28.48897861657984,83.74805538098671,341.5039418009142,23.916766980465834,79.14285983161808,142.91544012616387,1.3560245586142021,1.3931426116353454,0.09394315525581283,0.12535431736738395,1.0021755031044934,7.998142127869324,1.3343634991398432
湛江市,Zhanjiang,2010,9,4,0,27.972280865640524,84.25936351952552,192.277465129483,23.916766980465834,79.14285983161808,142.91544012616387,1.2679441028023786,1.302651155957641,0.09254397350996552,0.12348730031706254,0.9643834555258924,7.998142127869324,1.3343634991398432
湛江市,Zhanjiang,2010,10,5,0,23.70379653815036,68.51112378522332,192.1860299009856,23.916766980465834,79.14285983161808,142.91544012616387,0.9242800857337885,0.9495801269540701,0.08593973818760973,0.11467484976318093,0.6274685768781577,7.998142127869324,1.3343634991398432
湛江市,Zhanjiang,2010,11,4,0,21.884334794652624,68.42057694697935,5.812525680703749,23.916766980465834,79.14285983161808,142.91544012616387,0.7360968461527982,0.7562458040685149,0.08362065683446927,0.11158035225401447,0.4812239005092498,7.998142127869324,1.3343634991398432
湛江市,Zhanjiang,2010,12,4,0,18.040167018430022,67.89722221703418,20.81932063792561,23.916766980465834,79.14285983161808,142.91544012616387,0.5252773636595486,0.5396556231912542,0.08102323575374813,0.1081144483720038,0.19305172229914586,7.998142127869324,1.3343634991398432
湛江市,Zhanjiang,2011,1,5,0,13.02625989067324,68.07249930323863,8.71867382112424,23.916766980465834,79.14285983161808,142.91544012616387,0.2492046179167107,0.2560260210853961,0.07998142127869323,0.10672428916361501,0.0,7.998142127869324,1.3343634991398432
湛江市,Zhanjiang,2011,2,4,0,17.498415698555274,85.3771611844283,28.27200300549002,23.916766980465834,79.14285983161808,142.91544012616387,0.5576406181281893,0.5729047473055976,0.08087629200348431,0.10791837199522504,0.1561988670891119,7.998142127869324,1.3343634991398432
湛江市,Zhanjiang,2011,3,4,0,17.465150359818324,75.90027291339932,23.39337211063826,23.916766980465834,79.14285983161808,142.91544012616387,0.5247144587918083,0.5390773100976127,0.08081146040093061,0.10783186307118664,0.15397404169859796,7.998142127869324,1.3343634991398432
湛江市,Zhanjiang,2011,4,4,0,23.797821080521302,80.22549902457166,73.702811117504,23.916766980465834,79.14285983161808,142.91544012616387,0.9341604104391587,0.9597309028204833,0.08607650979279265,0.11485735280085578,0.6350830734101612,7.998142127869324,1.3343634991398432
湛江市,Zhanjiang,2011,5,5,0,26.98960429965256,80.46424588660182,192.86872238515247,23.916766980465834,79.14285983161808,142.91544012616387,1.187935933978756,1.2204529475557129,0.0908425878203912,0.12121703335493571,0.8899291499480081,7.998142127869324,1.3343634991398432
湛江市,Zhanjiang,2011,6,4,0,28.7842605523104,83.23864064110525,275.3677147604358,23.916766980465834,79.14285983161808,142.91544012616387,1.3504992917891483,1.387466103340758,0.09417898095184656,0.1256689945683306,1.0232725425845193,7.998142127869324,1.3343634991398432
湛江市,Zhanjiang,2011,7,5,0,28.9390202896976,82.63198571183798,314.5591751559458,23.916766980465834,79.14285983161808,142.91544012616387,1.372460504315284,1.410028453542296,0.09456352706017489,0.12618211885902023,1.03417103001349,7.998142127869324,1.3343634991398432
湛江市,Zhanjiang,2011,8,4,0,28.9817980044117,81.1389808826992,141.3790248482661,23.916766980465834,79.14285983161808,142.91544012616387,1.2984646023959772,1.3340070840211375,0.09381725484386609,0.12518632045315556,1.037163425209639,7.998142127869324,1.3343634991398432
湛江市,Zhanjiang,2011,9,4,0,27.49803017244217,78.53203777111547,258.36249940777543,23.916766980465834,79.14285983161808,142.91544012616387,1.2374968811383975,1.2713705116385239,0.09179029238914159,0.12248161573944429,0.928830030455029,7.998142127869324,1.3343634991398432
湛江市,Zhanjiang,2011,10,5,0,24.782319864550185,76.17522140675662,80.84229045742488,23.916766980465834,79.14285983161808,142.91544012616387,0.9811661925277121,1.008023360066046,0.08718642673230827,0.11633838545202242,0.7147657226061671,7.998142127869324,1.3343634991398432
湛江市,Zhanjiang,2011,11,4,0,21.89731080091075,71.98488287675963,103.41583643980437,23.916766980465834,79.14285983161808,142.91544012616387,0.7989760679951181,0.8208461999673405,0.0839399865821801,0.11200645421354934,0.48225420348469317,7.998142127869324,1.3343634991398432
湛江市,Zhanjiang,2011,12,4,0,16.949542526719476,54.1817574247779,1.6352946406066815,23.916766980465834,79.14285983161808,142.91544012616387,0.3887338153332727,0.3993745093214388,0.08046098802056131,0.1073642055193652,0.1200794569194959,7.998142127869324,1.3343634991398432
湛江市,Zhanjiang,2012,1,5,0,14.80471281491312,83.36581325492676,57.34409070887441,23.916766980465834,79.14285983161808,142.91544012616387,0.4109095743472806,0.4221572787274319,0.07998142127869323,0.10672428916361501,0.0,7.998142127869324,1.3343634991398432
湛江市,Zhanjiang,2012,2,4,0,17.1294534884651,85.5937696702514,27.9354799616148,23.916766980465834,79.14285983161808,142.91544012616387,0.5369571009669888,0.5516550664405201,0.08070838401816424,0.10769432170839983,0.13177849415244944,7.998142127869324,1.3343634991398432
湛江市,Zhanjiang,2012,3,4,0,20.454651963669125,84.50267175195856,35.33520868315265,23.916766980465834,79.14285983161808,142.91544012616387,0.730091444082785,0.7500760179310952,0.08275347525031111,0.11042321680098754,0.3695697376465824,7.998142127869324,1.3343634991398432
湛江市,Zhanjiang,2012,4,5,0,26.224981319267364,85.29254369543288,327.194323115064,23.916766980465834,79.14285983161808,142.91544012616387,1.205685843874406,1.2386887204045387,0.09026483184498617,0.12044609686994528,0.8301852109329381,7.998142127869324,1.3343634991398432
湛江市,Zhanjiang,2012,5,4,0,27.84882987082305,85.9760726471734,328.1936596730858,23.916766980465834,79.14285983161808,142.91544012616387,1.3174261071274629,1.3534876163273917,0.09290997986328516,0.12397568583538555,0.955203315392925,7.998142127869324,1.3343634991398432
湛江市,Zhanjiang,2012,6,4,0,28.24759071527905,85.048109415843,408.7734584488108,23.916766980465834,79.14285983161808,142.91544012616387,1.3666171547059591,1.4040251556789058,0.09380618023287174,0.12517154289647753,0.9846517990266104,7.998142127869324,1.3343634991398432
湛江市,Zhanjiang,2012,7,5,0,28.95658586758598,82.90166845787583,253.331330860566,23.916766980465834,79.14285983161808,142.91544012616387,1.3522987260058619,1.3893147929299055,0.09436639845096623,0.12591907763825597,1.035400849791337,7.998142127869324,1.3343634991398432
湛江市,Zhanjiang,2012,8,4,0,28.31197109018175,83.86087204450618,304.4749707011001,23.916766980465834,79.14285983161808,142.91544012616387,1.3318212904079847,1.3682768346368968,0.09351845264372965,0.12478760970383082,0.989348867302046,7.998142127869324,1.3343634991398432
湛江市,Zhanjiang,2012,9,5,0,27.29439410192912,75.21520155191114,89.21540755963574,23.916766980465834,79.14285983161808,142.91544012616387,1.1368803541753743,1.1679998386986508,0.09064922589525726,0.12095901825991356,0.9133395624822823,7.998142127869324,1.3343634991398432
湛江市,Zhanjiang,2012,10,4,0,25.22273125540925,73.71122995427743,89.487721066385,23.916766980465834,79.14285983161808,142.91544012616387,1.0010887712352303,1.0284912735376626,0.0876977588825141,0.11702068840919379,0.7502579557412555,7.998142127869324,1.3343634991398432
湛江市,Zhanjiang,2012,11,4,0,22.653590291487976,83.76192202427853,68.6750898322696,23.916766980465834,79.14285983161808,142.91544012616387,0.8749966036787429,0.8989476229448387,0.08485990832019563,0.11323396420282254,0.5426886858570358,7.998142127869324,1.3343634991398432
湛江市,Zhanjiang,2012,12,5,0,17.433866318004938,77.55693067629707,37.9684310494507,23.916766980465834,79.14285983161808,142.91544012616387,0.5348258015385806,0.5494654275928993,0.08081598152914671,0.10783789589965313,0.1518858527841367,7.998142127869324,1.3343634991398432
湛江市,Zhanjiang,2013,1,4,0,16.969664767802627,79.7131846953799,18.248270005615204,23.916766980465834,79.14285983161808,142.91544012616387,0.50677041909464,0.52064209359051,0.08061338187439308,0.10756755431541157,0.12138100308825467,7.998142127869324,1.3343634991398432
湛江市,Zhanjiang,2013,2,4,0,19.74340091339935,86.06964575292113,27.4095095368498,23.916766980465834,79.14285983161808,142.91544012616387,0.6891975687958152,0.708062766876556,0.08221707611680204,0.1097074653762628,0.31574246559677854,7.998142127869324,1.3343634991398432
湛江市,Zhanjiang,2013,3,5,0,22.49293988906278,84.37077171982989,119.28407365295136,23.916766980465834,79.14285983161808,142.91544012616387,0.8895068703679075,0.9138550748065711,0.0848229731554503,0.11318467926715164,0.529794275944886,7.998142127869324,1.3343634991398432
湛江市,Zhanjiang,2013,4,4,0,23.5127214663882,84.63128379728033,113.18910140893234,23.916766980465834,79.14285983161808,142.91544012616387,0.9506823411594671,0.97670508338877,0.08595886630494001,0.11470037362475372,0.6120010152406978,7.998142127869324,1.3343634991398432
湛江市,Zhanjiang,2013,5,4,0,28.13798892457875,83.75178889800118,144.4056875209175,23.916766980465834,79.14285983161808,142.91544012616387,1.2557413206814225,1.2901143507462522,0.0925809063945577,0.1235365822101803,0.9766177012585309,7.998142127869324,1.3343634991398432
湛江市,Zhanjiang,2013,6,5,0,28.71733789844206,80.73555099286602,222.9781457613518,23.916766980465834,79.14285983161808,142.91544012616387,1.3146821877252863,1.3506685884434337,0.09373832174947934,0.12508099501313172,1.0185252391661916,7.998142127869324,1.3343634991398432
湛江市,Zhanjiang,2013,7,4,0,28.04539976407815,85.38176711057608,284.478312052813,23.916766980465834,79.14285983161808,142.91544012616387,1.3130764285138308,1.3490188752673016,0.09306413277043403,0.1241813818479713,0.9697945471036143,7.998142127869324,1.3343634991398432
湛江市,Zhanjiang,2013,8,4,1,28.30333861078065,84.5763017497156,420.1287043656,23.916766980465834,79.14285983161808,142.91544012616387,1.3719094361886182,1.4094623011932879,0.09391705731542302,0.12531949322832506,0.9887200264194024,7.998142127869324,1.3343634991398432
湛江市,Zhanjiang,2013,9,5,0,27.2778692558741,80.8995373715,263.1519849057392,23.916766980465834,79.14285983161808,142.91544012616387,1.2354175633243951,1.2692342772824297,1.237620888901251,1.6514361399228363,0.9120770596435445,7.998142127869324,1.3343634991398432
湛江市,Zhanjiang,2013,10,4,0,25.460441532343022,65.83754644751599,26.63745437394413,23.916766980465834,79.14285983161808,142.91544012616387,0.9421804788588369,0.9679705021645418,0.30339053240502556,0.40483325242586987,0.7693385649898514,7.998142127869324,1.3343634991398432
湛江市,Zhanjiang,2013,11,4,0,21.62480783266465,70.03132133968617,93.9712929688294,23.916766980465834,79.14285983161808,142.91544012616387,0.7701999564924717,0.7912824086061605,0.08362663995210765,0.11158833590780216,0.46067227500172003,7.998142127869324,1.3343634991398432
湛江市,Zhanjiang,2013,12,5,0,15.513492810962862,59.14159646967183,130.32775587988277,23.916766980465834,79.14285983161808,142.91544012616387,0.38601894163016565,0.39658532219574844,0.08010827798103469,0.1068935621168407,0.031987240889073974,7.998142127869324,1.3343634991398432
湛江市,Zhanjiang,2014,1,4,0,16.521142372053326,68.316830340118,2.444306831890866,23.916766980465834,79.14285983161808,142.91544012616387,0.43536477511279204,0.44728188435946337,0.08039647299992295,0.1072781190306791,0.09279421674412296,7.998142127869324,1.3343634991398432
湛江市,Zhanjiang,2014,2,4,0,16.0123792771885,82.88654431279699,20.76044828271488,23.916766980465834,79.14285983161808,142.91544012616387,0.46312304493337225,0.4757999729638777,0.08027395234303684,0.10711463193823965,0.06148194219544771,7.998142127869324,1.3343634991398432
湛江市,Zhanjiang,2014,3,5,0,20.80863734821246,87.06479918018664,57.31531430379158,23.916766980465834,79.14285983161808,142.91544012616387,0.7692655147082742,0.7903223886276222,0.08311763248259485,0.11090913491969476,0.39682682017240756,7.998142127869324,1.3343634991398432
湛江市,Zhanjiang,2014,4,4,0,25.119370535656824,88.27407601852158,97.41428655645028,23.916766980465834,79.14285983161808,142.91544012616387,1.0565340987135976,1.0854542893145516,0.08803487369307622,0.11747052210742731,0.7419430273262474,7.998142127869324,1.3343634991398432
湛江市,Zhanjiang,2014,5,4,0,28.3911136045184,82.85871535298651,157.3341079389215,23.916766980465834,79.14285983161808,142.91544012616387,1.2745162295679222,1.3094031795754915,0.09301129112155455,0.12411087188047217,0.9950999085770975,7.998142127869324,1.3343634991398432
湛江市,Zhanjiang,2014,6,5,0,29.271987118635963,81.40969488851994,279.03083482878526,23.916766980465834,79.14285983161808,142.91544012616387,1.3766325728995201,1.4143147229069928,0.09493388428397093,0.1266763100200964,1.057223174099771,7.998142127869324,1.3343634991398432
湛江市,Zhanjiang,2014,7,4,0,29.230599630760675,82.14964023083478,251.1467092599195,23.916766980465834,79.14285983161808,142.91544012616387,1.366567447691652,1.4039740880494234,0.09478476084294125,0.12647732514352028,1.0543883744189804,7.998142127869324,1.3343634991398432
湛江市,Zhanjiang,2014,8,5,0,28.37533309470666,83.4712695970538,324.1820986425265,23.916766980465834,79.14285983161808,142.91544012616387,1.3412648030496972,1.377978841714211,0.09367791419552789,0.12500038937806657,0.9939552409815066,7.998142127869324,1.3343634991398432
湛江市,Zhanjiang,2014,9,4,94,28.261058471704622,80.72627789797488,276.7585641045005,23.916766980465834,79.14285983161808,142.91544012616387,1.3047668988483565,1.340481891341693,0.09319369008332035,0.12435425839733344,0.9856357545720296,7.998142127869324,1.3343634991398432
湛江市,Zhanjiang,2014,10,4,121,25.83547415403665,70.84887175461427,42.42954790642382,23.916766980465834,79.14285983161808,142.91544012616387,1.0005241958758957,1.027911244226562,77.31113278562746,103.16115366629492,0.7992985754873814,7.998142127869324,1.3343634991398432
湛江市,Zhanjiang,2014,11,5,15,21.668010471048017,80.35006174736638,76.30291918241781,23.916766980465834,79.14285983161808,142.91544012616387,0.8071977464348505,0.8292929279419875,57.50156894695231,76.72799474608624,0.4640859389992495,7.998142127869324,1.3343634991398432
湛江市,Zhanjiang,2014,12,4,0,15.5529322709446,62.04033253259245,15.277238822609682,23.916766980465834,79.14285983161808,142.91544012616387,0.36237339865786056,0.372292536876552,0.7345656734715628,0.98017762240153,0.03427392622582128,7.998142127869324,1.3343634991398432
湛江市,Zhanjiang,2015,1,4,1,16.84360544870155,74.1144497913629,32.00069699067367,23.916766980465834,79.14285983161808,142.91544012616387,0.48754072751979743,0.5008860334429737,0.3352598499771113,0.44735850653655707,0.11325638153817312,7.998142127869324,1.3343634991398432
湛江市,Zhanjiang,2015,2,4,0,18.72075744779817,83.94279881692347,29.415556606915327,23.916766980465834,79.14285983161808,142.91544012616387,0.6244376376597605,0.6415301815932857,0.23453382093444397,0.3129533699687221,0.24091212555566582,7.998142127869324,1.3343634991398432
湛江市,Zhanjiang,2015,3,5,0,22.73990025063228,84.77587620168734,28.37939336048695,23.916766980465834,79.14285983161808,142.91544012616387,0.8634149726346698,0.8870489713922252,0.22624519771375665,0.30189333368491394,0.5496268381722005,7.998142127869324,1.3343634991398432
湛江市,Zhanjiang,2015,4,4,0,24.7530660590971,75.97888643679815,50.12960501970202,23.916766980465834,79.14285983161808,142.91544012616387,0.9631606637076622,0.9895249713127664,0.08703082744345242,0.11613075944048107,0.7124030589553485,7.998142127869324,1.3343634991398432
湛江市,Zhanjiang,2015,5,5,0,28.95726366561462,85.33938314952135,345.5977861538337,23.916766980465834,79.14285983161808,142.91544012616387,1.3961365723177164,1.4343525994441024,0.09483340052300954,0.12654222815721325,1.035448274717969,7.998142127869324,1.3343634991398432
湛江市,Zhanjiang,2015,6,4,0,30.510898433174173,76.91207585665327,95.77755731856908,23.916766980465834,79.14285983161808,142.91544012616387,1.3555494725042527,1.3926545211359793,0.09582300826541887,0.12786272460715045,1.1375101826261802,7.998142127869324,1.3343634991398432
湛江市,Zhanjiang,2015,7,4,0,28.460292012944425,79.51996120093798,235.35885016146776,23.916766980465834,79.14285983161808,142.91544012616387,1.2969227248553494,1.3324230011296248,0.0933070590092773,0.12450553375406709,1.000105651079772,7.998142127869324,1.3343634991398432
湛江市,Zhanjiang,2015,8,5,0,29.25283083709196,80.92459560397344,262.99430564255977,23.916766980465834,79.14285983161808,142.91544012616387,1.367051856193441,1.4044717561196614,0.09481140973440316,0.1265128844515796,1.0559121884147318,7.998142127869324,1.3343634991398432
湛江市,Zhanjiang,2015,9,4,1,28.42684870359597,81.0198885506934,106.1728959151634,23.916766980465834,79.14285983161808,142.91544012616387,1.244495890675388,1.2785611029617285,0.09273747449466732,0.12374550096809625,0.9976881970228312,7.998142127869324,1.3343634991398432
湛江市,Zhanjiang,2015,10,4,1,25.51347224286608,76.04486265509254,237.155560751772,23.916766980465834,79.14285983161808,142.91544012616387,1.0899952663246952,1.1198313794180907,0.9462677057892513,1.2626650870199772,0.7735863634761826,7.998142127869324,1.3343634991398432
湛江市,Zhanjiang,2015,11,5,0,23.73849783349284,81.06107586241386,58.22247092346176,23.916766980465834,79.14285983161808,142.91544012616387,0.9261570724458292,0.95150849185971,0.8596115485221107,1.1470342737869827,0.630278644516142,7.998142127869324,1.3343634991398432
湛江市,Zhanjiang,2015,12,4,0,17.3985174640731,78.01104270841057,91.77650471077877,23.916766980465834,79.14285983161808,142.91544012616387,0.555467189320149,0.5706718258834877,0.10558138938333128,0.14088395218158822,0.14953117211166195,7.998142127869324,1.3343634991398432
湛江市,Zhanjiang,2016,1,5,1,15.199256972064362,82.97747173404922,251.1176323540292,23.916766980465834,79.14285983161808,142.91544012616387,0.4899413382256721,0.5033523553447834,0.08005214854236757,0.1068186650426561,0.014051243214287558,7.998142127869324,1.3343634991398432
湛江市,Zhanjiang,2016,2,4,0,16.24997623827795,76.35852175256858,12.52635116162105,23.916766980465834,79.14285983161808,142.91544012616387,0.45353031100442526,0.46594466000984563,0.11537172003776082,0.1539478120513689,0.0759538670500479,7.998142127869324,1.3343634991398432
湛江市,Zhanjiang,2016,3,4,0,19.40846561411653,85.58689672986507,76.16821843613282,23.916766980465834,79.14285983161808,142.91544012616387,0.6899730048766499,0.7088594287363637,0.1418388844128246,0.1892646301191884,0.29087790247496853,7.998142127869324,1.3343634991398432
湛江市,Zhanjiang,2016,4,4,0,25.6182498898352,86.979435043981,153.4639417289482,23.916766980465834,79.14285983161808,142.91544012616387,1.1088592918794429,1.1392117642793755,0.08888970014109847,0.11861117131776756,0.7819686507574203,7.998142127869324,1.3343634991398432
湛江市,Zhanjiang,2016,5,5,0,28.13035010283712,82.3563932975434,244.4330456413567,23.916766980465834,79.14285983161808,142.91544012616387,1.2912367910297782,1.3265814279449641,0.09292959907404713,0.12400186499410826,0.9760560130418985,7.998142127869324,1.3343634991398432
湛江市,Zhanjiang,2016,6,4,1,29.066515561962422,83.57456710105878,225.1351972611116,23.916766980465834,79.14285983161808,142.91544012616387,1.3514511111935827,1.3884439766119134,0.09446377064152435,0.126049007535168,1.0430632857201052,7.998142127869324,1.3343634991398432
湛江市,Zhanjiang,2016,7,5,0,29.40482054311792,81.86839622726568,239.9793097626032,23.916766980465834,79.14285983161808,142.91544012616387,1.3726339383471884,1.4102066349318725,1.583629144069878,2.113136926020917,1.0662605646184797,7.998142127869324,1.3343634991398432
湛江市,Zhanjiang,2016,8,4,0,28.5190676236267,85.04422584705725,297.11439131029937,23.916766980465834,79.14285983161808,142.91544012616387,1.3481776791157065,1.3850809418607994,0.49731023368761934,0.6635926235814649,1.0043427783319339,7.998142127869324,1.3343634991398432
湛江市,Zhanjiang,2016,9,4,0,27.928740201298176,79.43718228955895,182.41023160840388,23.916766980465834,79.14285983161808,142.91544012616387,1.2401562536540325,1.2741026783594047,0.09222748376312041,0.12306498795102043,0.9611519300937182,7.998142127869324,1.3343634991398432
湛江市,Zhanjiang,2016,10,5,0,26.51349298343478,76.4391647945894,127.12225900387706,23.916766980465834,79.14285983161808,142.91544012616387,1.1115001720634685,1.1419249324836074,0.0897206824593426,0.11972000379166314,0.8528810347863371,7.998142127869324,1.3343634991398432
湛江市,Zhanjiang,2016,11,4,0,21.24546272649645,80.98313582734184,105.31433697932393,23.916766980465834,79.14285983161808,142.91544012616387,0.796432679665453,0.8182331922327213,0.08350668108277902,0.11142826717117196,0.43083803462755754,7.998142127869324,1.3343634991398432
湛江市,Zhanjiang,2016,12,4,0,19.7335620021739,68.48319783460992,5.012346507846071,23.916766980465834,79.14285983161808,142.91544012616387,0.6143839643887903,0.6312013121430439,0.08196975223659513,0.10937744541804906,0.3150074183387154,7.998142127869324,1.3343634991398432
湛江市,Zhanjiang,2017,1,5,1,18.633791875657018,80.12160871183025,59.23538256380901,23.916766980465834,79.14285983161808,142.91544012616387,0.6207703256402101,0.6377624853431386,0.0814782805483715,0.10872164353642282,0.23470481630365983,7.998142127869324,1.3343634991398432
湛江市,Zhanjiang,2017,2,4,0,17.46198671910815,76.22144667927468,18.024773943121268,23.916766980465834,79.14285983161808,142.91544012616387,0.5231954033101902,0.5375166739664772,0.16263143033534838,0.21700944445239312,0.15376268878648724,7.998142127869324,1.3343634991398432
湛江市,Zhanjiang,2017,3,4,0,21.135386930806124,86.978128842649,69.38444487826382,23.916766980465834,79.14285983161808,142.91544012616387,0.7940604819261787,0.8157960610371143,0.18331773716019006,0.24461249721146927,0.4222309995389709,7.998142127869324,1.3343634991398432
湛江市,Zhanjiang,2017,4,5,0,24.6609862664862,83.2964769513964,162.95466921331794,23.916766980465834,79.14285983161808,142.91544012616387,1.0383275082595547,1.0667493353275517,0.08750160924251411,0.11675895348920838,0.704962985658835,7.998142127869324,1.3343634991398432
湛江市,Zhanjiang,2017,5,4,0,27.253051605376324,82.10288981597353,181.92656286056447,23.916766980465834,79.14285983161808,142.91544012616387,1.207553008614939,1.2406069944847942,0.09127317163874303,0.12179158868546465,0.9101794855460332,7.998142127869324,1.3343634991398432
湛江市,Zhanjiang,2017,6,4,0,28.97496696636055,85.13624490133238,258.8482316276848,23.916766980465834,79.14285983161808,142.91544012616387,1.3652240611980102,1.4025939294407177,0.09452191860475799,0.12612659805485632,1.0366861727301755,7.998142127869324,1.3343634991398432
湛江市,Zhanjiang,2017,7,5,0,28.321583374230897,85.95922654257326,420.0283278976795,23.916766980465834,79.14285983161808,142.91544012616387,1.3789176241652723,1.4166623221948287,0.09400706857440233,0.1254396009668187,0.9900487276303941,7.998142127869324,1.3343634991398432
湛江市,Zhanjiang,2017,8,4,0,29.2062360631226,80.93132719495388,155.5035745124897,23.916766980465834,79.14285983161808,142.91544012616387,1.3189306675922408,1.355033360673944,0.09424606702443376,0.12575851177489164,1.05271546514883,7.998142127869324,1.3343634991398432
湛江市,Zhanjiang,2017,9,4,60,28.854411571038227,83.94980239537468,167.0634779733726,23.916766980465834,79.14285983161808,142.91544012616387,1.3140943275140817,1.3500646369112057,0.0938631460216113,0.1252475559656713,1.0282266762188421,7.998142127869324,1.3343634991398432
湛江市,Zhanjiang,2017,10,5,84,24.97226782959568,73.86005057374595,204.60386880435135,23.916766980465834,79.14285983161808,142.91544012616387,1.0338471459032996,1.0621463333579968,46.6078937289545,62.19187216370568,0.7300926254448211,7.998142127869324,1.3343634991398432
湛江市,Zhanjiang,2017,11,4,4,21.0955074977931,78.7080274075435,49.73268482322704,23.916766980465834,79.14285983161808,142.91544012616387,0.7552346136593542,0.7759074239378486,33.25010280290799,44.36772352284781,0.41911864536225246,7.998142127869324,1.3343634991398432
湛江市,Zhanjiang,2017,12,5,0,17.94092951865158,64.82213604539939,5.297553599426255,23.916766980465834,79.14285983161808,142.91544012616387,0.4991308849327582,0.51279344475421,2.8682919563514853,3.827344091431834,0.18621549825647885,7.998142127869324,1.3343634991398432
湛江市,Zhanjiang,2018,1,4,0,15.3226225865828,72.9677827258878,16.365911196502207,23.916766980465834,79.14285983161808,142.91544012616387,0.3929684615570189,0.4037250692445795,0.09017093025527059,0.12032079801611763,0.021032276980890344,7.998142127869324,1.3343634991398432
湛江市,Zhanjiang,2018,2,4,0,17.79985910125705,77.46185436243258,13.755163691747942,23.916766980465834,79.14285983161808,142.91544012616387,0.5443412411586994,0.5592413304841996,0.08096883261085235,0.10804185480388519,0.17656265342623936,7.998142127869324,1.3343634991398432
湛江市,Zhanjiang,2018,3,4,0,21.435158951114424,78.15646000433247,27.73207321342762,23.916766980465834,79.14285983161808,142.91544012616387,0.7624288581163766,0.783298594287921,0.08347277690240748,0.11138302667041593,0.4457247401149946,7.998142127869324,1.3343634991398432
湛江市,Zhanjiang,2018,4,5,1,24.01873568690138,83.40373188469572,201.09200681268496,23.916766980465834,79.14285983161808,142.91544012616387,1.012686433428063,1.0404063950548565,0.08677504091924856,0.11578944723901159,0.6529774973362341,7.998142127869324,1.3343634991398432
湛江市,Zhanjiang,2018,5,4,0,28.740788670526424,81.10485815381675,133.43196885797974,23.916766980465834,79.14285983161808,142.91544012616387,1.278722276631191,1.3137243575019233,1.42023131671414,1.8951048293586668,1.0201910985223435,7.998142127869324,1.3343634991398432
湛江市,Zhanjiang,2018,6,4,0,28.4844006483249,83.12012113517483,353.0756458017946,23.916766980465834,79.14285983161808,142.91544012616387,1.3568385931876672,1.3939789285327306,0.4989468423286761,0.6657764544144679,1.0018454188327797,7.998142127869324,1.3343634991398432
湛江市,Zhanjiang,2018,7,5,3,28.36142736545324,84.6572825434946,460.1182959851925,23.916766980465834,79.14285983161808,142.91544012616387,1.3880918302946992,1.4260876511135705,0.09414169746481515,0.12561924484411527,0.9929457123525877,7.998142127869324,1.3343634991398432
湛江市,Zhanjiang,2018,8,4,3,27.856905294107275,86.34459998998938,499.5512647135716,23.916766980465834,79.14285983161808,142.91544012616387,1.3713834686761992,1.4089219365301024,4.11994739757187,5.497507425696091,0.955805492494216,7.998142127869324,1.3343634991398432
湛江市,Zhanjiang,2018,9,5,490,27.46246758467796,76.3834401179803,255.0628561674317,23.916766980465834,79.14285983161808,142.91544012616387,1.2237383422086405,1.2572353643544092,4.621018160222536,6.1661179618633035,0.9261339822387903,7.998142127869324,1.3343634991398432
湛江市,Zhanjiang,2018,10,4,83,24.942595576769627,73.0021938135864,48.18975901064732,23.916766980465834,79.14285983161808,142.91544012616387,0.9601475318160737,0.98642936186677,352.46015244727255,470.3099623269052,0.7277001073750676,7.998142127869324,1.3343634991398432
湛江市,Zhanjiang,2018,11,4,10,23.46352109495877,80.83651098942742,49.78345621474281,23.916766980465834,79.14285983161808,142.91544012616387,0.9043778727358064,0.9291331366564408,130.01426270532392,173.48628652156285,0.608020137770212,7.998142127869324,1.3343634991398432
湛江市,Zhanjiang,2018,12,5,2,17.867975748338143,80.61037535007664,19.49262788147268,23.916766980465834,79.14285983161808,142.91544012616387,0.5609018586017435,0.5762552567352655,3.7244312474225794,4.9697451116165645,0.18121395897146292,7.998142127869324,1.3343634991398432
湛江市,Zhanjiang,2019,1,4,3,18.64932084924315,80.58988250949704,5.620972387615943,23.916766980465834,79.14285983161808,142.91544012616387,0.5985955635983041,0.6149807401990653,0.8050784991338934,1.0742673631865551,0.2358113126015917,7.998142127869324,1.3343634991398432
湛江市,Zhanjiang,2019,2,4,1,21.342463967202328,88.90003969517221,51.53838405374129,23.916766980465834,79.14285983161808,142.91544012616387,0.8039588255314108,0.8259653490293242,1.3836779126595422,1.846329301218901,0.4384420178135113,7.998142127869324,1.3343634991398432
湛江市,Zhanjiang,2019,3,5,0,22.39620462299886,87.57777702983658,77.24434306132474,23.916766980465834,79.14285983161808,142.91544012616387,0.8758093298292603,0.899782595604208,0.9724598187377725,1.2976148865038317,0.5220432965048197,7.998142127869324,1.3343634991398432
湛江市,Zhanjiang,2019,4,4,4,26.962492911358,84.7819114706746,131.11035453891873,23.916766980465834,79.14285983161808,142.91544012616387,1.177317498175052,1.20954385649753,0.4021438541905306,0.5366060804352594,0.8878345093516534,7.998142127869324,1.3343634991398432
湛江市,Zhanjiang,2019,5,4,3,27.302627825723224,85.86074069882133,277.2744092844621,23.916766980465834,79.14285983161808,142.91544012616387,1.262683859733488,1.2972469258349064,4.822551804171037,6.435037100196829,0.913968321767275,7.998142127869324,1.3343634991398432
湛江市,Zhanjiang,2019,6,5,24,29.58784382267796,82.61372545076097,283.2929577850229,23.916766980465834,79.14285983161808,142.91544012616387,1.4051349069819175,1.4435972428208164,6.619383129269426,8.832663234519197,1.0785559576312655,7.998142127869324,1.3343634991398432
湛江市,Zhanjiang,2019,7,4,28,29.20583682048068,82.8909434014068,237.62465091457187,23.916766980465834,79.14285983161808,142.91544012616387,1.3628649737306704,1.4001702673805816,36.78114904254784,49.07942273879823,1.0526880259407274,7.998142127869324,1.3343634991398432
湛江市,Zhanjiang,2019,8,4,37,28.921871665031823,84.52430118981492,248.1987817625905,23.916766980465834,79.14285983161808,142.91544012616387,1.354947405675067,1.3920359741122823,50.69511637868124,67.64571288035867,1.0329689728728015,7.998142127869324,1.3343634991398432
湛江市,Zhanjiang,2019,9,5,167,27.927819057501654,74.45680187313425,129.4001219256466,23.916766980465834,79.14285983161808,142.91544012616387,1.1927533646340396,1.2254022442936219,53.54819090254446,71.45275138532755,0.9610834896952606,7.998142127869324,1.3343634991398432
湛江市,Zhanjiang,2019,10,4,238,25.4934469666223,74.59868255672717,77.23486521800845,23.916766980465834,79.14285983161808,142.91544012616387,1.015951213174914,1.0437605406372863,143.58674801273116,191.59691550837888,0.7719827311329265,7.998142127869324,1.3343634991398432
湛江市,Zhanjiang,2019,11,4,49,22.9101548271867,65.89380301567915,2.1846486207580456,23.916766980465834,79.14285983161808,142.91544012616387,0.7801234115538229,0.8014774954228366,130.1566636747049,173.67630117734694,0.5633325689394302,7.998142127869324,1.3343634991398432
湛江市,Zhanjiang,2019,12,5,1,19.4091310839018,67.22993818179165,5.373985504968205,23.916766980465834,79.14285983161808,142.91544012616387,0.5908898264204688,0.6070640761915373,21.34398381984596,28.480632935433853,0.290926975469711,7.998142127869324,1.3343634991398432
肇庆市,Zhaoqing,2005,1,5,0,13.043979315308018,70.66889741981909,42.42341252372513,22.432984439331463,75.5223632438012,153.56820895015736,0.33452831650500353,0.32831059440978233,0.041884630317158264,0.053742645425123775,0.0,4.188463031715826,1.2831113708817388
肇庆市,Zhaoqing,2005,2,4,0,13.86102563981775,79.10036302217065,82.99347117297917,22.432984439331463,75.5223632438012,153.56820895015736,0.4266448487086353,0.41871499950979085,0.041884630317158264,0.053742645425123775,0.0,4.188463031715826,1.2831113708817388
肇庆市,Zhaoqing,2005,3,4,0,17.554794223581027,78.33778857733267,165.8808034161314,22.432984439331463,75.5223632438012,153.56820895015736,0.6917903903471833,0.6789324043917282,0.04297078502501396,0.055136302881310155,0.1599798007621701,4.188463031715826,1.2831113708817388
肇庆市,Zhaoqing,2005,4,4,0,22.704426758690023,82.07443450827381,174.9543828006908,22.432984439331463,75.5223632438012,153.56820895015736,1.0623324807228571,1.0425874014217367,0.04758523130774015,0.0610571513769991,0.5467743982718568,4.188463031715826,1.2831113708817388
肇庆市,Zhaoqing,2005,5,5,0,27.301691800128403,84.6096674716698,374.9263999198101,22.432984439331463,75.5223632438012,153.56820895015736,1.492650767013398,1.4649075620390912,0.05527237442985214,0.07092061212657634,0.9138968532634703,4.188463031715826,1.2831113708817388
肇庆市,Zhaoqing,2005,6,4,0,27.31325324233513,87.9355177689464,461.1302192383368,22.432984439331463,75.5223632438012,153.56820895015736,1.5373758231153396,1.5088013343428768,0.055686834479117264,0.07145241052856463,0.9147794244210575,4.188463031715826,1.2831113708817388
肇庆市,Zhaoqing,2005,7,5,0,29.46907913998396,77.01486045271773,125.47975362382584,22.432984439331463,75.5223632438012,153.56820895015736,1.5115056433090337,1.4834119915260058,0.057766015885316574,0.07412023183298484,1.0705984351536026,4.188463031715826,1.2831113708817388
肇庆市,Zhaoqing,2005,8,4,0,27.842606888853677,83.1206287971724,217.0429773694051,22.432984439331463,75.5223632438012,153.56820895015736,1.4642569742955192,1.4370415115290875,0.055604627741748174,0.07134693012908326,0.954739116060128,4.188463031715826,1.2831113708817388
肇庆市,Zhaoqing,2005,9,4,0,27.64119686056415,80.63416714350522,128.0484029944214,22.432984439331463,75.5223632438012,153.56820895015736,1.393541775563859,1.3676406632781744,0.05473556809034167,0.07023182980838906,0.9396428548987622,4.188463031715826,1.2831113708817388
肇庆市,Zhaoqing,2005,10,5,0,25.2024638224266,61.43000253173408,5.393399535260075,22.432984439331463,75.5223632438012,153.56820895015736,1.0388360540844435,1.0195276919276135,0.0495171035677777,0.06353595864094429,0.7486283414419843,4.188463031715826,1.2831113708817388
肇庆市,Zhaoqing,2005,11,4,0,21.75425024960117,62.9440561972665,8.079154942960377,22.432984439331463,75.5223632438012,153.56820895015736,0.8246565045121517,0.8093289979421767,0.04569583590382972,0.05863284665014992,0.4709093083729775,4.188463031715826,1.2831113708817388
肇庆市,Zhaoqing,2005,12,4,0,14.711024923277376,44.544655713546376,9.354511909932226,22.432984439331463,75.5223632438012,153.56820895015736,0.2786343244857453,0.2734554780014115,0.041884630317158264,0.053742645425123775,0.0,4.188463031715826,1.2831113708817388
肇庆市,Zhaoqing,2006,1,5,0,15.70855596007106,67.4854897771868,20.043749882313616,22.432984439331463,75.5223632438012,153.56820895015736,0.4752812576189214,0.4664474261280154,0.04208694294731921,0.05400223506135628,0.04337308318760464,4.188463031715826,1.2831113708817388
肇庆市,Zhaoqing,2006,2,4,0,16.14609266516435,68.66089138312284,56.14629531950538,22.432984439331463,75.5223632438012,153.56820895015736,0.5228246371291393,0.5131071389748232,0.04224171872790397,0.054200829625361685,0.06959334291453417,4.188463031715826,1.2831113708817388
肇庆市,Zhaoqing,2006,3,4,0,18.5352410635113,83.47626210681503,123.09029976899777,22.432984439331463,75.5223632438012,153.56820895015736,0.7585659264396468,0.744466814678998,0.04357979802361402,0.05591773438482868,0.22770225254253795,4.188463031715826,1.2831113708817388
肇庆市,Zhaoqing,2006,4,5,0,23.885196416593523,83.79403909867342,304.3709723371809,22.432984439331463,75.5223632438012,153.56820895015736,1.2040766384655834,1.181697026486712,0.04947301871396184,0.0634793928637295,0.6421602345369791,4.188463031715826,1.2831113708817388
肇庆市,Zhaoqing,2006,5,4,0,25.38796739210335,80.3080762994317,290.4827779948372,22.432984439331463,75.5223632438012,153.56820895015736,1.2959216368987139,1.2718349446880117,0.05159544462502228,0.06620270168406518,0.7635278735202652,4.188463031715826,1.2831113708817388
肇庆市,Zhaoqing,2006,6,4,0,27.925783399394824,84.33979847510618,210.51592352821424,22.432984439331463,75.5223632438012,153.56820895015736,1.4731312013277154,1.4457507974344082,0.05577731570537836,0.07156850801883156,0.9609322307048833,4.188463031715826,1.2831113708817388
肇庆市,Zhaoqing,2006,7,5,0,28.711054724045983,83.86250328807206,437.6462779321584,22.432984439331463,75.5223632438012,153.56820895015736,1.6230773934125335,1.5929100094472237,0.058101704344352155,0.07455095751184718,1.0180784809570997,4.188463031715826,1.2831113708817388
肇庆市,Zhaoqing,2006,8,4,0,28.75212711291935,81.7595702353578,150.4323376417136,22.432984439331463,75.5223632438012,153.56820895015736,1.494735730286257,1.4669537730701525,0.05686216442324189,0.07296048974440875,1.020995642878201,4.188463031715826,1.2831113708817388
肇庆市,Zhaoqing,2006,9,4,0,25.763984521448847,76.53967948430058,111.59296304794556,22.432984439331463,75.5223632438012,153.56820895015736,1.2275159768781787,1.2047007088272952,0.05144516848761715,0.06600988066338846,0.79360276792445,4.188463031715826,1.2831113708817388
肇庆市,Zhaoqing,2006,10,5,0,25.475598937256898,69.11597300248557,42.73958529467106,22.432984439331463,75.5223632438012,153.56820895015736,1.1294272638552398,1.1084351250528048,0.05042571082568748,0.064701802945234,0.7705530360310738,4.188463031715826,1.2831113708817388
肇庆市,Zhaoqing,2006,11,4,0,20.764531061231075,70.35854444837167,122.05914976029536,22.432984439331463,75.5223632438012,153.56820895015736,0.8556623962806059,0.8397585976336407,0.04518836724581552,0.057981707844685815,0.39341507642397117,4.188463031715826,1.2831113708817388
肇庆市,Zhaoqing,2006,12,5,0,15.41518716241968,59.03116585470126,18.56065171214211,22.432984439331463,75.5223632438012,153.56820895015736,0.4176694871366096,0.4099064588052541,0.04199252507651179,0.05388108641770884,0.02632180026340792,4.188463031715826,1.2831113708817388
肇庆市,Zhaoqing,2007,1,4,0,13.33214995153895,56.28415470902715,28.69547713045974,22.432984439331463,75.5223632438012,153.56820895015736,0.28568054109234103,0.2803707298599695,0.041884630317158264,0.053742645425123775,0.0,4.188463031715826,1.2831113708817388
肇庆市,Zhaoqing,2007,2,4,1,19.234903652121325,79.1239895884988,65.68081214719372,22.432984439331463,75.5223632438012,153.56820895015736,0.76549671907755,0.7512687879004396,0.04397409942520794,0.05642366699676844,0.278125371598238,4.188463031715826,1.2831113708817388
肇庆市,Zhaoqing,2007,3,4,0,18.371451443713227,83.47370576653836,97.9222680677621,22.432984439331463,75.5223632438012,153.56820895015736,0.7373177370208135,0.7236135554658143,0.19828639417657895,0.25442352705910704,0.2161399032370802,4.188463031715826,1.2831113708817388
肇庆市,Zhaoqing,2007,4,5,0,21.46161785273796,78.6984565974102,210.15889568445053,22.432984439331463,75.5223632438012,153.56820895015736,0.9750283323170503,0.956905934582078,0.17043720366228016,0.2186899140403584,0.44780637503750165,4.188463031715826,1.2831113708817388
肇庆市,Zhaoqing,2007,5,4,0,26.74953401539497,79.2528822196323,301.9317684036407,22.432984439331463,75.5223632438012,153.56820895015736,1.3979898533374648,1.3720060667007918,0.053839141373226033,0.06908161449449579,0.871316195037993,4.188463031715826,1.2831113708817388
肇庆市,Zhaoqing,2007,6,4,0,28.143666651637,83.9574492915473,266.4111258881343,22.432984439331463,75.5223632438012,153.56820895015736,1.51308445194232,1.4849614555781643,0.05639322411469361,0.07235878710224565,0.9770350431005953,4.188463031715826,1.2831113708817388
肇庆市,Zhaoqing,2007,7,5,0,29.96113926890398,75.44879825024051,83.47360970588323,22.432984439331463,75.5223632438012,153.56820895015736,1.5149359137675036,1.4867785051442626,0.05828437367611184,0.07478534260853939,1.1030387715594736,4.188463031715826,1.2831113708817388
肇庆市,Zhaoqing,2007,8,4,0,28.333244133354,79.51921049116012,192.2375918818094,22.432984439331463,75.5223632438012,153.56820895015736,1.4729221276096427,1.445545609672209,0.05620850174005103,0.07212176772288548,0.9908972312634838,4.188463031715826,1.2831113708817388
肇庆市,Zhaoqing,2007,9,5,0,27.632983709998506,71.7349255623025,124.63635505971696,22.432984439331463,75.5223632438012,153.56820895015736,1.34445581211616,1.3194670377834552,0.0542747470908017,0.06964054514393823,0.9390243498964044,4.188463031715826,1.2831113708817388
肇庆市,Zhaoqing,2007,10,4,0,24.236538932707973,55.177979597186905,16.422366290501227,22.432984439331463,75.5223632438012,153.56820895015736,0.9355842441408109,0.9181949753114617,0.048042217207524274,0.061643515181344734,0.6706186655265989,4.188463031715826,1.2831113708817388
肇庆市,Zhaoqing,2007,11,4,0,20.27765527446568,45.20432725447553,0.9182940897615228,22.432984439331463,75.5223632438012,153.56820895015736,0.5941658847340786,0.583122400020035,0.04396085146803912,0.05640666839228417,0.3560523743916401,4.188463031715826,1.2831113708817388
肇庆市,Zhaoqing,2007,12,5,0,16.93895378143168,57.66668178561734,20.688673492754408,22.432984439331463,75.5223632438012,153.56820895015736,0.5019079640027846,0.4925792343151113,0.04247274658985172,0.054497264102017336,0.11939526308111306,4.188463031715826,1.2831113708817388
肇庆市,Zhaoqing,2008,1,4,0,12.348597487582978,73.21766055388905,107.79871980161803,22.432984439331463,75.5223632438012,153.56820895015736,0.32282451402570556,0.31682432505902164,0.041884630317158264,0.053742645425123775,0.0,4.188463031715826,1.2831113708817388
肇庆市,Zhaoqing,2008,2,4,0,11.933722172897811,60.9857126242444,19.505859074574065,22.432984439331463,75.5223632438012,153.56820895015736,0.22314744404507494,0.2189999063782286,0.041884630317158264,0.053742645425123775,0.0,4.188463031715826,1.2831113708817388
肇庆市,Zhaoqing,2008,3,5,0,19.58879447102912,72.37996634330987,103.822859513678,22.432984439331463,75.5223632438012,153.56820895015736,0.7791166089178567,0.7646355311883728,0.04421083629264447,0.05672742676328317,0.30422415394049035,4.188463031715826,1.2831113708817388
肇庆市,Zhaoqing,2008,4,4,0,24.162496499221724,80.66966783627355,135.702319596287,22.432984439331463,75.5223632438012,153.56820895015736,1.143199289361528,1.1219511763319152,0.049341366577924525,0.06331046851097914,0.6646221705605024,4.188463031715826,1.2831113708817388
肇庆市,Zhaoqing,2008,5,4,0,25.334204283292276,80.96782922416342,200.21926882496615,22.432984439331463,75.5223632438012,153.56820895015736,1.2586461406424811,1.2352522707288693,0.05126283182669619,0.06577592242043218,0.7592134604216717,4.188463031715826,1.2831113708817388
肇庆市,Zhaoqing,2008,6,5,0,27.07258026293842,86.55720957560092,540.9753110254569,22.432984439331463,75.5223632438012,153.56820895015736,1.5371086002198588,1.5085390781949615,0.055406085674877655,0.07109217854548333,0.8963278149809982,4.188463031715826,1.2831113708817388
肇庆市,Zhaoqing,2008,7,4,0,28.4157077480251,80.95232386542432,168.68939883021545,22.432984439331463,75.5223632438012,153.56820895015736,1.4746490907399603,1.4472404745427285,0.056311907644028894,0.07225444901409578,0.9968818299826145,4.188463031715826,1.2831113708817388
肇庆市,Zhaoqing,2008,8,5,0,28.122281783617,81.60373803205201,243.6981723145305,22.432984439331463,75.5223632438012,153.56820895015736,1.4905980016692015,1.4628929504887807,0.05615460246385972,0.0720526089487221,0.975462499968544,4.188463031715826,1.2831113708817388
肇庆市,Zhaoqing,2008,9,4,0,27.7239206449639,75.17838628977357,154.6085807361298,22.432984439331463,75.5223632438012,153.56820895015736,1.385959934212297,1.36019974208245,0.0547502152136225,0.0702506236988214,0.9458599717690852,4.188463031715826,1.2831113708817388
肇庆市,Zhaoqing,2008,10,4,0,25.19985770448925,73.81597410315935,137.72606464819407,22.432984439331463,75.5223632438012,153.56820895015736,1.1864527709370711,1.1644007255800035,0.05059922385388317,0.06492443948470801,0.7484187655743735,4.188463031715826,1.2831113708817388
肇庆市,Zhaoqing,2008,11,5,0,18.70569746462604,54.29875681240648,25.47555826672709,22.432984439331463,75.5223632438012,153.56820895015736,0.5890467991532129,0.5780984604999154,0.04327111470463158,0.055521659308240795,0.2398353364017514,4.188463031715826,1.2831113708817388
肇庆市,Zhaoqing,2008,12,4,0,14.934285545889924,50.587037880809525,17.255658199802202,22.432984439331463,75.5223632438012,153.56820895015736,0.33929685435474966,0.33299050166627997,0.041884630317158264,0.053742645425123775,0.0,4.188463031715826,1.2831113708817388
肇庆市,Zhaoqing,2009,1,4,0,12.6509025533184,53.738585518961145,13.464109634589624,22.432984439331463,75.5223632438012,153.56820895015736,0.22727983788707692,0.2230554933395276,0.041884630317158264,0.053742645425123775,0.0,4.188463031715826,1.2831113708817388
肇庆市,Zhaoqing,2009,2,4,0,20.971810735557,73.72374696375141,11.938683518316276,22.432984439331463,75.5223632438012,153.56820895015736,0.8304951455751267,0.8150591189016144,0.045222178173318583,0.05802509103022505,0.40948537090880566,4.188463031715826,1.2831113708817388
肇庆市,Zhaoqing,2009,3,5,0,18.1457588783792,80.06542718365706,203.17278215897548,22.432984439331463,75.5223632438012,153.56820895015736,0.750047508603853,0.7361067247101762,0.04335954219179879,0.05563512162252354,0.20036658070488916,4.188463031715826,1.2831113708817388
肇庆市,Zhaoqing,2009,4,4,0,22.46371578584437,76.72711129338143,98.5634957420343,22.432984439331463,75.5223632438012,153.56820895015736,0.9894057317176744,0.9710161079527533,0.047006270051114386,0.0603142796053226,0.5274515728430452,4.188463031715826,1.2831113708817388
肇庆市,Zhaoqing,2009,5,5,0,25.61546856033366,79.2107478647588,383.09623921025184,22.432984439331463,75.5223632438012,153.56820895015736,1.3405629667532446,1.3156465469251724,0.05216964889493056,0.06693946971199334,0.7817463285872368,4.188463031715826,1.2831113708817388
肇庆市,Zhaoqing,2009,6,4,0,27.906492384943327,85.17774119371893,273.47476191862097,22.432984439331463,75.5223632438012,153.56820895015736,1.5031081750022817,1.4751706030536316,0.056038863855595596,0.07190410342440838,0.9594980749438605,4.188463031715826,1.2831113708817388
肇庆市,Zhaoqing,2009,7,4,0,28.87426162769705,80.50514131616697,195.3475818277081,22.432984439331463,75.5223632438012,153.56820895015736,1.5208031189723075,1.4925366593371214,0.057252150874077604,0.07346088579396585,1.0296243285404123,4.188463031715826,1.2831113708817388
肇庆市,Zhaoqing,2009,8,5,0,29.26187872480548,77.71549678545777,165.56609215391202,22.432984439331463,75.5223632438012,153.56820895015736,1.5211944520635912,1.4929207189024039,0.05765780993874129,0.07398139155253708,1.0565316310419668,4.188463031715826,1.2831113708817388
肇庆市,Zhaoqing,2009,9,4,0,28.146327422551877,75.32382580501675,153.60362326961007,22.432984439331463,75.5223632438012,153.56820895015736,1.4177445085710476,1.391393551353383,0.05548175359617343,0.07118926891570893,0.9772305805061046,4.188463031715826,1.2831113708817388
肇庆市,Zhaoqing,2009,10,4,0,25.02056401828485,64.3398172500209,34.70185349669252,22.432984439331463,75.5223632438012,153.56820895015736,1.0645571359411923,1.0447707080091104,0.04955309394560799,0.06358213830398066,0.7339853203831262,4.188463031715826,1.2831113708817388
肇庆市,Zhaoqing,2009,11,5,0,17.52850342154262,62.84265484744681,59.8985522447293,22.432984439331463,75.5223632438012,153.56820895015736,0.5834828560542131,0.5726379318212692,0.042790629695043436,0.054905143528900024,0.15821504785819088,4.188463031715826,1.2831113708817388
肇庆市,Zhaoqing,2009,12,4,0,14.82110821434045,72.75598424528883,93.23856268104082,22.432984439331463,75.5223632438012,153.56820895015736,0.47016172882737384,0.4614230516349645,0.041884630317158264,0.053742645425123775,0.0,4.188463031715826,1.2831113708817388
肇庆市,Zhaoqing,2010,1,5,0,15.035959588370256,81.07883637526346,90.29990829145312,22.432984439331463,75.5223632438012,153.56820895015736,0.5095909721907755,0.500119442006369,0.041909298525365485,0.05377429748357374,0.004932463354805847,4.188463031715826,1.2831113708817388
肇庆市,Zhaoqing,2010,2,4,0,18.04291614934862,81.87171316221554,80.8427710695092,22.432984439331463,75.5223632438012,153.56820895015736,0.7031418054227867,0.6900728359994297,0.04321813835379773,0.055453684750098056,0.19324163582068132,4.188463031715826,1.2831113708817388
肇庆市,Zhaoqing,2010,3,4,0,18.004934660493227,74.01265947664515,79.40862070355959,22.432984439331463,75.5223632438012,153.56820895015736,0.6720285170603909,0.6595378358445225,0.04314184371747838,0.055355790234699415,0.19062036049990735,4.188463031715826,1.2831113708817388
肇庆市,Zhaoqing,2010,4,4,0,20.325630646828248,84.75896381580537,266.5572844531249,22.432984439331463,75.5223632438012,153.56820895015736,0.9376541686016426,0.9202264270498942,0.04519476429942065,0.0579899159769067,0.3597086418039713,4.188463031715826,1.2831113708817388
肇庆市,Zhaoqing,2010,5,5,0,25.79082375238796,83.96731206493212,341.46316107741006,22.432984439331463,75.5223632438012,153.56820895015736,1.3611199905162803,1.3358214868568636,0.052514323408911406,0.0673817255001353,0.7957420356191754,4.188463031715826,1.2831113708817388
肇庆市,Zhaoqing,2010,6,4,0,27.54596658506005,85.52066370380925,250.4871256108402,22.432984439331463,75.5223632438012,153.56820895015736,1.4669198934493204,1.4396549362441717,0.05530880555999908,0.07096735732392195,0.9324578345045882,4.188463031715826,1.2831113708817388
肇庆市,Zhaoqing,2010,7,4,0,29.057807389735025,81.49843308325292,198.37110048373088,22.432984439331463,75.5223632438012,153.56820895015736,1.5413501480578902,1.512701790357777,0.05765391817408369,0.07397639798505212,1.0424584645461252,4.188463031715826,1.2831113708817388
肇庆市,Zhaoqing,2010,8,5,0,28.248208276057905,81.52907932023214,266.4523354553309,22.432984439331463,75.5223632438012,153.56820895015736,1.5098103019956757,1.481748160732454,0.05647535902370934,0.07246417533795008,0.9846969338796835,4.188463031715826,1.2831113708817388
肇庆市,Zhaoqing,2010,9,4,0,27.46517215904608,82.97407671381588,236.8459648434745,22.432984439331463,75.5223632438012,153.56820895015736,1.4435227674950641,1.4166926817786143,0.0550080093879799,0.07058140233528645,0.9263391587754682,4.188463031715826,1.2831113708817388
肇庆市,Zhaoqing,2010,10,5,0,22.39647621801846,66.38902916410706,72.67699501573108,22.432984439331463,75.5223632438012,153.56820895015736,0.9213774816094514,0.9042522672619938,0.0466054153087603,0.059799938327336204,0.5220650434083188,4.188463031715826,1.2831113708817388
肇庆市,Zhaoqing,2010,11,4,0,19.843887106884324,58.52659806576015,0.4268713481445471,22.432984439331463,75.5223632438012,153.56820895015736,0.6732346137005008,0.6607215153278232,0.044020513112003924,0.05648322092606091,0.3232652101219864,4.188463031715826,1.2831113708817388
肇庆市,Zhaoqing,2010,12,4,0,14.886414816182326,59.50069182367712,23.4024053894928,22.432984439331463,75.5223632438012,153.56820895015736,0.39085772428231785,0.3835930337062013,0.041884630317158264,0.053742645425123775,0.0,4.188463031715826,1.2831113708817388
肇庆市,Zhaoqing,2011,1,5,0,10.400436856719098,62.276878504360056,25.516069096558255,22.432984439331463,75.5223632438012,153.56820895015736,0.14141856674692413,0.13879008567744877,0.041884630317158264,0.053742645425123775,0.0,4.188463031715826,1.2831113708817388
肇庆市,Zhaoqing,2011,2,4,0,15.11589462322336,75.0008725416599,56.99145018441735,22.432984439331463,75.5223632438012,153.56820895015736,0.48258606468141635,0.4736164621420432,0.04192904937164424,0.053799640019018546,0.009378697329286746,4.188463031715826,1.2831113708817388
肇庆市,Zhaoqing,2011,3,4,0,15.897378255096324,68.52339963704681,49.99566268214635,22.432984439331463,75.5223632438012,153.56820895015736,0.5042561165016589,0.4948837427965591,0.042154710629361,0.0540891885447624,0.054574496764942075,4.188463031715826,1.2831113708817388
肇庆市,Zhaoqing,2011,4,4,0,23.39419947649177,70.36894627925348,78.08378853804427,22.432984439331463,75.5223632438012,153.56820895015736,1.012878451837427,0.9940525515502421,0.04787293068481261,0.061426301719116366,0.6024128561729951,4.188463031715826,1.2831113708817388
肇庆市,Zhaoqing,2011,5,5,0,25.57711686939502,78.76244116890898,196.24802680236516,22.432984439331463,75.5223632438012,153.56820895015736,1.2647782066921314,1.2412703629213446,0.05155015044460048,0.06614458420613119,0.7786796830220208,4.188463031715826,1.2831113708817388
肇庆市,Zhaoqing,2011,6,4,0,28.620685950440222,80.84204431793458,250.5080409989537,22.432984439331463,75.5223632438012,153.56820895015736,1.5284233978616566,1.5000153036500106,0.057059284679306314,0.07321341698639612,1.0116333030218645,4.188463031715826,1.2831113708817388
肇庆市,Zhaoqing,2011,7,5,0,28.8931355052934,80.4320816645531,268.71177880770404,22.432984439331463,75.5223632438012,153.56820895015736,1.5555066612162374,1.5265951829959377,0.057623086591484005,0.07393683763083618,1.0309515220295062,4.188463031715826,1.2831113708817388
肇庆市,Zhaoqing,2011,8,4,0,28.5503278684956,78.51114942901397,139.9124728982859,22.432984439331463,75.5223632438012,153.56820895015736,1.4577650853264643,1.430670284278312,0.05628561860670354,0.07222071725137408,1.006590298812959,4.188463031715826,1.2831113708817388
肇庆市,Zhaoqing,2011,9,4,0,27.06606931526597,74.35936763780666,119.01243563682102,22.432984439331463,75.5223632438012,153.56820895015736,1.3147022768412728,1.290266517618387,0.053443178329799876,0.06857354981102676,0.8958263936025196,4.188463031715826,1.2831113708817388
肇庆市,Zhaoqing,2011,10,5,0,23.3222514394629,71.81133799869806,82.66253215019658,22.432984439331463,75.5223632438012,153.56820895015736,1.0176624878762148,0.9987476689381561,0.047843112889547804,0.061388042166957466,0.5965953921799342,4.188463031715826,1.2831113708817388
肇庆市,Zhaoqing,2011,11,4,0,20.264732110266326,67.80356883033097,102.18851287466671,22.432984439331463,75.5223632438012,153.56820895015736,0.8015384020047189,0.7866405808445228,0.04467774299126107,0.05732652005741899,0.35506846991089264,4.188463031715826,1.2831113708817388
肇庆市,Zhaoqing,2011,12,4,0,14.586967789024923,48.07880944542205,2.631699626140829,22.432984439331463,75.5223632438012,153.56820895015736,0.29615871422032913,0.29065415006164,0.041884630317158264,0.053742645425123775,0.0,4.188463031715826,1.2831113708817388
肇庆市,Zhaoqing,2012,1,5,0,11.410199973255194,79.10943990979234,95.36905213561153,22.432984439331463,75.5223632438012,153.56820895015736,0.27777511392620996,0.27261223718858185,0.041884630317158264,0.053742645425123775,0.0,4.188463031715826,1.2831113708817388
肇庆市,Zhaoqing,2012,2,4,0,13.780548696203176,81.76494895509703,99.26863141040202,22.432984439331463,75.5223632438012,153.56820895015736,0.43484739581405085,0.4267650896904615,0.041884630317158264,0.053742645425123775,0.0,4.188463031715826,1.2831113708817388
肇庆市,Zhaoqing,2012,3,4,0,18.05617291405955,79.30388985809913,71.93311857002935,22.432984439331463,75.5223632438012,153.56820895015736,0.6915318730974763,0.6786786920818012,0.04320233814711391,0.05543341132523977,0.1941578312873902,4.188463031715826,1.2831113708817388
肇庆市,Zhaoqing,2012,4,5,0,24.186978031313934,85.49118084667937,461.5670659893596,22.432984439331463,75.5223632438012,153.56820895015736,1.2838558424120736,1.2599934115068412,0.050283808924273726,0.06451972700198028,0.6666049624077623,4.188463031715826,1.2831113708817388
肇庆市,Zhaoqing,2012,5,4,0,26.96362196928175,84.2215566427875,195.90172405897908,22.432984439331463,75.5223632438012,153.56820895015736,1.392518894679865,1.3666367942050177,0.05401929605703734,0.06931277301781169,0.8879217793150299,4.188463031715826,1.2831113708817388
肇庆市,Zhaoqing,2012,6,4,0,27.8840084960936,84.05619137475182,332.8687302753524,22.432984439331463,75.5223632438012,153.56820895015736,1.5201555478631614,1.4919011243307354,0.05617443021972056,0.07207805016772623,0.9578248631572467,4.188463031715826,1.2831113708817388
肇庆市,Zhaoqing,2012,7,5,0,28.71155831102802,81.58373430639197,276.87062572595545,22.432984439331463,75.5223632438012,153.56820895015736,1.550560991524311,1.521741436164355,0.05737769740471993,0.07362197597500778,1.0181142945422395,4.188463031715826,1.2831113708817388
肇庆市,Zhaoqing,2012,8,4,0,28.419113462133875,81.5068787768798,161.19055452986612,22.432984439331463,75.5223632438012,153.56820895015736,1.473750083420985,1.4463581766543012,0.056306678258601583,0.07224773913019128,0.9971283859164285,4.188463031715826,1.2831113708817388
肇庆市,Zhaoqing,2012,9,5,0,26.09279440272544,73.89264952184338,112.56403348190162,22.432984439331463,75.5223632438012,153.56820895015736,1.2383066281516002,1.215290799288569,0.05184676637926283,0.06652517548468118,0.8197326983744466,4.188463031715826,1.2831113708817388
肇庆市,Zhaoqing,2012,10,4,0,23.60630964036955,68.295252498563,130.4528830162962,22.432984439331463,75.5223632438012,153.56820895015736,1.041539537234808,1.0221809266951394,0.04821781484090197,0.06186882650143158,0.6195756894251414,4.188463031715826,1.2831113708817388
肇庆市,Zhaoqing,2012,11,4,0,19.171326509012925,80.23000602794889,183.3436937843723,22.432984439331463,75.5223632438012,153.56820895015736,0.8131973770500462,0.7980828559479608,0.04406720671564086,0.056543134019834906,0.27347741932009473,4.188463031715826,1.2831113708817388
肇庆市,Zhaoqing,2012,12,5,0,13.939549569057746,73.39089628505113,61.93534286948167,22.432984439331463,75.5223632438012,153.56820895015736,0.40595487289781734,0.3984095786481399,0.041884630317158264,0.053742645425123775,0.0,4.188463031715826,1.2831113708817388
肇庆市,Zhaoqing,2013,1,4,0,14.7394843091005,71.66268914971252,11.514933542825217,22.432984439331463,75.5223632438012,153.56820895015736,0.42826479179325017,0.420304833466379,0.041884630317158264,0.053742645425123775,0.0,4.188463031715826,1.2831113708817388
肇庆市,Zhaoqing,2013,2,4,0,17.087705969893598,80.5558679924435,37.97360073841392,22.432984439331463,75.5223632438012,153.56820895015736,0.6175330973838256,0.6060552971657494,0.04266675313514574,0.05474619610630957,0.12905139541641056,4.188463031715826,1.2831113708817388
肇庆市,Zhaoqing,2013,3,5,0,20.27480713675436,80.22091163616274,297.3138259901049,22.432984439331463,75.5223632438012,153.56820895015736,0.9273874615292936,0.9101505424827245,0.04512326900911218,0.057898179556947406,0.3558354954246905,4.188463031715826,1.2831113708817388
肇庆市,Zhaoqing,2013,4,4,0,21.247787715209125,82.59504234085213,170.2613595849484,22.432984439331463,75.5223632438012,153.56820895015736,0.9598471993073686,0.9420069662247968,0.04594486952735577,0.05895238452422809,0.43102008326641045,4.188463031715826,1.2831113708817388
肇庆市,Zhaoqing,2013,5,4,0,26.606923716196423,86.83655013719783,312.4657562277028,22.432984439331463,75.5223632438012,153.56820895015736,1.4251136757455691,1.398625751247995,0.05391551456014589,0.06917960979906314,0.860193245566404,4.188463031715826,1.2831113708817388
肇庆市,Zhaoqing,2013,6,5,0,27.999730116767655,82.83977955655034,240.3906190621366,22.432984439331463,75.5223632438012,153.56820895015736,1.4855190955256719,1.457908443609499,0.055974107287501546,0.07182101353554764,0.9664171321664385,4.188463031715826,1.2831113708817388
肇庆市,Zhaoqing,2013,7,4,1,27.52813165304912,86.31604642693372,234.3988396689465,22.432984439331463,75.5223632438012,153.56820895015736,1.4619339114387915,1.434761626360287,0.055243824225997676,0.07088397903536969,0.931108949625946,4.188463031715826,1.2831113708817388
肇庆市,Zhaoqing,2013,8,4,0,28.130903201971325,85.09289057784332,347.69011874761424,22.432984439331463,75.5223632438012,153.56820895015736,1.5499391715809487,1.5211311736988216,1.526655734583111,1.9588693324654036,0.976096690369934,4.188463031715826,1.2831113708817388
肇庆市,Zhaoqing,2013,9,5,1,26.90127792427474,77.71908847622753,231.849021711104,22.432984439331463,75.5223632438012,153.56820895015736,1.3734884847173767,1.3479600936138052,0.3989988878246283,0.5119600099369479,0.8830979967417947,4.188463031715826,1.2831113708817388
肇庆市,Zhaoqing,2013,10,4,0,24.152467336892,59.58706358919883,2.586406349400666,22.432984439331463,75.5223632438012,153.56820895015736,0.9548587312286575,0.937111216480122,0.6639483058926562,0.8519196209685341,0.6638098708411876,4.188463031715826,1.2831113708817388
肇庆市,Zhaoqing,2013,11,4,0,19.403825693227027,64.18210583621355,94.27504372003554,22.432984439331463,75.5223632438012,153.56820895015736,0.7234814499978602,0.710034437068935,0.10377175370574214,0.13315071715617696,0.2905357832316681,4.188463031715826,1.2831113708817388
肇庆市,Zhaoqing,2013,12,5,0,13.1270672475639,53.41481760391176,141.48162675160455,22.432984439331463,75.5223632438012,153.56820895015736,0.29480768254782397,0.28932822938592356,0.041884630317158264,0.053742645425123775,0.0,4.188463031715826,1.2831113708817388
肇庆市,Zhaoqing,2014,1,4,0,14.469985842337524,56.70615535648302,2.9437112109006534,22.432984439331463,75.5223632438012,153.56820895015736,0.34310382651876886,0.3367267154108403,0.041884630317158264,0.053742645425123775,0.0,4.188463031715826,1.2831113708817388
肇庆市,Zhaoqing,2014,2,4,0,13.438700565573194,75.57607608138582,64.58810245648488,22.432984439331463,75.5223632438012,153.56820895015736,0.3829946856259046,0.3758761416890332,0.041884630317158264,0.053742645425123775,0.0,4.188463031715826,1.2831113708817388
肇庆市,Zhaoqing,2014,3,5,0,17.89785079759132,81.76440446106146,211.44382528656996,22.432984439331463,75.5223632438012,153.56820895015736,0.7418410096299017,0.7280527561125106,0.04321885718174523,0.0554546070864112,0.18325964064900516,4.188463031715826,1.2831113708817388
肇庆市,Zhaoqing,2014,4,4,0,23.440213969432627,84.18479035832587,92.32724014831456,22.432984439331463,75.5223632438012,153.56820895015736,1.0845491825894968,1.064391171792704,0.04833627401662751,0.06202082281679029,0.6061346495953217,4.188463031715826,1.2831113708817388
肇庆市,Zhaoqing,2014,5,4,0,25.868981551796526,87.87453857842307,311.6187885861182,22.432984439331463,75.5223632438012,153.56820895015736,1.3722569996274452,1.3467514975639812,0.052685113137941955,0.06760086774348421,0.8019655326405593,4.188463031715826,1.2831113708817388
肇庆市,Zhaoqing,2014,6,5,0,28.77836368707792,82.75775101129382,255.5535764979117,22.432984439331463,75.5223632438012,153.56820895015736,1.552231137710208,1.5233805401205516,0.05746660525791285,0.0737360546524003,1.0228550602019317,4.188463031715826,1.2831113708817388
肇庆市,Zhaoqing,2014,7,4,0,29.24489531027745,81.3505188792178,145.0492302452455,22.432984439331463,75.5223632438012,153.56820895015736,1.5275795259526452,1.4991871163953479,0.05770657965734159,0.07404396853302783,1.0553685505399546,4.188463031715826,1.2831113708817388
肇庆市,Zhaoqing,2014,8,5,0,28.31195125957896,82.95181757734326,240.6116024327236,22.432984439331463,75.5223632438012,153.56820895015736,1.5102605019952293,1.482189993074185,0.05654863881862901,0.07255820147606738,0.9893474230693176,4.188463031715826,1.2831113708817388
肇庆市,Zhaoqing,2014,9,4,119,27.718875241577177,79.69687006053002,107.94896886950072,22.432984439331463,75.5223632438012,153.56820895015736,1.3838393526204606,1.3581185747535258,0.0547253894146043,0.07021876943380992,0.9454814429422266,4.188463031715826,1.2831113708817388
肇庆市,Zhaoqing,2014,10,4,155,24.359999515396478,64.28985467533684,3.522843188246612,22.432984439331463,75.5223632438012,153.56820895015736,1.000224367409069,0.9816336626986503,79.54750451465617,102.06830756802178,0.6806148548052335,4.188463031715826,1.2831113708817388
肇庆市,Zhaoqing,2014,11,5,3,19.33408485096736,72.37124297353861,75.19893036953513,22.432984439331463,75.5223632438012,153.56820895015736,0.7498499117781691,0.7359128005247094,40.09471077976119,51.44597931372621,0.28540141065211666,4.188463031715826,1.2831113708817388
肇庆市,Zhaoqing,2014,12,4,1,13.3175431187939,52.85356661208333,26.54502589285256,22.432984439331463,75.5223632438012,153.56820895015736,0.2651885913190877,0.26025965441810456,0.041884630317158264,0.053742645425123775,0.0,4.188463031715826,1.2831113708817388
肇庆市,Zhaoqing,2015,1,4,0,14.828394766182525,67.0811404072378,54.0961977764079,22.432984439331463,75.5223632438012,153.56820895015736,0.4342590468446704,0.42618767608949726,0.041884630317158264,0.053742645425123775,0.0,4.188463031715826,1.2831113708817388
肇庆市,Zhaoqing,2015,2,4,0,17.0884056219797,73.39021020875936,59.073700769630506,22.432984439331463,75.5223632438012,153.56820895015736,0.6021085875722497,0.5909174755378985,0.06477033903131041,0.0831075585069397,0.12909703786370402,4.188463031715826,1.2831113708817388
肇庆市,Zhaoqing,2015,3,5,0,19.58907659785482,83.56325911047296,78.04409187080564,22.432984439331463,75.5223632438012,153.56820895015736,0.8102044260249927,0.7951455335103846,0.044303821717561295,0.056846737419320226,0.304245109662235,4.188463031715826,1.2831113708817388
肇庆市,Zhaoqing,2015,4,4,0,22.76971181445495,75.27162634726568,97.4172905947422,22.432984439331463,75.5223632438012,153.56820895015736,1.0034935470317357,0.9848420796014806,0.04732120374528868,0.060718374609391425,0.5520248921868103,4.188463031715826,1.2831113708817388
肇庆市,Zhaoqing,2015,5,5,0,26.8165573981858,89.07163047543828,654.163586344428,22.432984439331463,75.5223632438012,153.56820895015736,1.5589818678479763,1.5300057975797288,0.05529554527984755,0.07095034290767845,0.8765270683224611,4.188463031715826,1.2831113708817388
肇庆市,Zhaoqing,2015,6,4,0,29.328670333686176,82.96069523633008,141.09157529479273,22.432984439331463,75.5223632438012,153.56820895015736,1.539586697579229,1.5109711163122725,0.05791741035571296,0.07431448779943907,1.0610910999864012,4.188463031715826,1.2831113708817388
肇庆市,Zhaoqing,2015,7,4,0,28.14776021744908,81.66569970004298,222.40739527234,22.432984439331463,75.5223632438012,153.56820895015736,1.4833308323259782,1.4557608526392567,0.05611230322190304,0.07199833431038781,0.9773358638508776,4.188463031715826,1.2831113708817388
肇庆市,Zhaoqing,2015,8,5,1,28.66631456357508,81.28630037300998,228.13581086091227,22.432984439331463,75.5223632438012,153.56820895015736,1.5240939389707686,1.495766314396155,0.0570650450150897,0.07322080813873988,1.0148921360125571,4.188463031715826,1.2831113708817388
肇庆市,Zhaoqing,2015,9,4,0,27.7386051978808,78.68782249617207,83.48068357419471,22.432984439331463,75.5223632438012,153.56820895015736,1.3662582208714433,1.3408642153162726,1.3116309906251322,1.6829686384719864,0.9469611805610578,4.188463031715826,1.2831113708817388
肇庆市,Zhaoqing,2015,10,4,0,24.31430429892277,74.18189158511464,193.30921956183877,22.432984439331463,75.5223632438012,153.56820895015736,1.1497942360319884,1.1284235457985738,0.2710388497562721,0.34777303007297994,0.6769155083429357,4.188463031715826,1.2831113708817388
肇庆市,Zhaoqing,2015,11,5,0,20.40822703739836,76.78929138489113,82.55339488092051,22.432984439331463,75.5223632438012,153.56820895015736,0.8425205774680922,0.8268610396898499,0.04491108059932384,0.057625918195578676,0.36601679567594303,4.188463031715826,1.2831113708817388
肇庆市,Zhaoqing,2015,12,4,0,14.8164601072236,74.13707866355514,133.8544485615848,22.432984439331463,75.5223632438012,153.56820895015736,0.4886893911063793,0.47960634887985715,0.041884630317158264,0.053742645425123775,0.0,4.188463031715826,1.2831113708817388
肇庆市,Zhaoqing,2016,1,5,1,12.65271522953024,76.96276614989306,324.7217206962116,22.432984439331463,75.5223632438012,153.56820895015736,0.4096156483405868,0.4020023129618535,0.041884630317158264,0.053742645425123775,0.0,4.188463031715826,1.2831113708817388
肇庆市,Zhaoqing,2016,2,4,0,14.8297328152189,68.254189133319,24.082260438422008,22.432984439331463,75.5223632438012,153.56820895015736,0.42662125393130373,0.4186918432776021,0.041884630317158264,0.053742645425123775,0.0,4.188463031715826,1.2831113708817388
肇庆市,Zhaoqing,2016,3,4,0,17.347742878542824,81.44628021921065,203.41356127618175,22.432984439331463,75.5223632438012,153.56820895015736,0.7011559097132076,0.6881238512089658,0.07205706324659258,0.09245723720404757,0.14615795725543845,4.188463031715826,1.2831113708817388
肇庆市,Zhaoqing,2016,4,4,0,24.050448865832948,87.18080328106842,333.902859304454,22.432984439331463,75.5223632438012,153.56820895015736,1.239795756882807,1.2167522502772417,0.04986100592153612,0.06397722366152471,0.655546402528568,4.188463031715826,1.2831113708817388
肇庆市,Zhaoqing,2016,5,5,0,26.76432989461726,82.90972611221561,290.1204331111452,22.432984439331463,75.5223632438012,153.56820895015736,1.4116654245916347,1.3854274564780686,0.05397203415129796,0.06925213072914795,0.8724674668183208,4.188463031715826,1.2831113708817388
肇庆市,Zhaoqing,2016,6,4,0,28.40252050379208,85.66695190151998,291.1192845966522,22.432984439331463,75.5223632438012,153.56820895015736,1.5514152413004252,1.5225798083975357,0.05704840894832447,0.07319946221230667,0.9959266862421863,4.188463031715826,1.2831113708817388
肇庆市,Zhaoqing,2016,7,5,0,29.12887147416024,81.50172327777902,292.30120226218713,22.432984439331463,75.5223632438012,153.56820895015736,1.5894100001767257,1.5598683763772452,0.05822242863048022,0.07470586021611968,1.0473831357018777,4.188463031715826,1.2831113708817388
肇庆市,Zhaoqing,2016,8,4,0,28.294093656364925,84.18740833047872,266.35206648085057,22.432984439331463,75.5223632438012,153.56820895015736,1.525817798870323,1.497458133714217,0.05668020903164366,0.0727270207124558,0.9880462352417974,4.188463031715826,1.2831113708817388
肇庆市,Zhaoqing,2016,9,4,0,27.3264641572776,76.54828901669377,131.72145575889743,22.432984439331463,75.5223632438012,153.56820895015736,1.3519997176341887,1.3268707282413246,0.054035945626496606,0.06933413626970515,0.9157874275698334,4.188463031715826,1.2831113708817388
肇庆市,Zhaoqing,2016,10,5,0,25.04985728066004,75.27166753865683,119.3790438275756,22.432984439331463,75.5223632438012,153.56820895015736,1.1741032434345307,1.1522807329964209,0.050369396859726065,0.06462954585516946,0.7363454321156435,4.188463031715826,1.2831113708817388
肇庆市,Zhaoqing,2016,11,4,0,19.142235304334825,77.76969650247658,71.15353465334663,22.432984439331463,75.5223632438012,153.56820895015736,0.756954398687845,0.7428852396433493,0.0439004857632378,0.056329212470042314,0.2713548928563084,4.188463031715826,1.2831113708817388
肇庆市,Zhaoqing,2016,12,4,0,17.203830728980325,63.93914375016408,5.589957863241897,22.432984439331463,75.5223632438012,153.56820895015736,0.5437962548838033,0.5336889670326148,0.04261394538289718,0.054678437878928746,0.13665545116924674,4.188463031715826,1.2831113708817388
肇庆市,Zhaoqing,2017,1,5,0,16.21078610603376,73.14297041243944,64.72724558137477,22.432984439331463,75.5223632438012,153.56820895015736,0.5479708686397449,0.5377859891859664,0.04228016314470887,0.05425015809371097,0.0735483697054506,4.188463031715826,1.2831113708817388
肇庆市,Zhaoqing,2017,2,4,0,15.7333521269182,66.27042771304914,35.576460867458565,22.432984439331463,75.5223632438012,153.56820895015736,0.47855340479738673,0.46965875543006613,0.04209519728400683,0.05401282629461925,0.04483403416077051,4.188463031715826,1.2831113708817388
肇庆市,Zhaoqing,2017,3,4,2,17.95605364772705,83.57665920451532,144.7308738116337,22.432984439331463,75.5223632438012,153.56820895015736,0.7284257619012651,0.7148868513485792,0.04322329122448362,0.05546029645706781,0.1872549347914394,4.188463031715826,1.2831113708817388
肇庆市,Zhaoqing,2017,4,5,1,23.05942290537728,80.73436804683585,191.7669383882632,22.432984439331463,75.5223632438012,153.56820895015736,1.0891526131417055,1.0689090405241457,1.2719166104880302,1.6320106657305509,0.5753679375598314,4.188463031715826,1.2831113708817388
肇庆市,Zhaoqing,2017,5,4,0,26.038913557444875,82.4049466780319,160.5410570517247,22.432984439331463,75.5223632438012,153.56820895015736,1.298902845517892,1.2747607429703443,1.705117268275934,2.187855355611659,0.8154631404023539,4.188463031715826,1.2831113708817388
肇庆市,Zhaoqing,2017,6,4,0,28.14864272137335,86.22591220318293,258.949312199157,22.432984439331463,75.5223632438012,153.56820895015736,1.5203632097581283,1.4921049265107276,0.47939995346151476,0.615123531486646,0.9774007072623274,4.188463031715826,1.2831113708817388
肇庆市,Zhaoqing,2017,7,5,1,28.0479901899909,85.14607843908769,349.98570074105123,22.432984439331463,75.5223632438012,153.56820895015736,1.5445098580480088,1.5158027722891612,0.05658770323724777,0.072608325475794,0.9699858839738741,4.188463031715826,1.2831113708817388
肇庆市,Zhaoqing,2017,8,4,0,29.00275547357665,80.84841059963463,194.2910059438884,22.432984439331463,75.5223632438012,153.56820895015736,1.5318962499008737,1.503423607404995,1.6033797925989133,2.0573148437256696,1.0386262092671241,4.188463031715826,1.2831113708817388
肇庆市,Zhaoqing,2017,9,4,1,28.5118102550713,83.6668930953074,155.9676047718674,22.432984439331463,75.5223632438012,153.56820895015736,1.4881792233946503,1.4605191289200719,0.48171429622010176,0.6180930909963067,1.0038203932509935,4.188463031715826,1.2831113708817388
肇庆市,Zhaoqing,2017,10,5,4,24.1151769820515,67.6219348786198,53.9498620518312,22.432984439331463,75.5223632438012,153.56820895015736,1.0341074669095596,1.0148869928013815,0.712511274163423,0.914231317760524,0.6607894756786086,4.188463031715826,1.2831113708817388
肇庆市,Zhaoqing,2017,11,4,2,19.21867340967253,77.73313532039663,60.87426168337085,22.432984439331463,75.5223632438012,153.56820895015736,0.7570663079447412,0.7429950688949816,0.9266667475976376,1.189016640860527,0.276937616012048,4.188463031715826,1.2831113708817388
肇庆市,Zhaoqing,2017,12,5,1,15.51215744786892,58.4040992071032,19.58567161844424,22.432984439331463,75.5223632438012,153.56820895015736,0.4205596098143341,0.4127428641181261,0.08403056952439872,0.1078205792584245,0.031909954471055955,4.188463031715826,1.2831113708817388
肇庆市,Zhaoqing,2018,1,4,0,13.000022858360042,67.68899271695409,66.53260965331917,22.432984439331463,75.5223632438012,153.56820895015736,0.3300631778698867,0.3239284472279447,0.041884630317158264,0.053742645425123775,0.0,4.188463031715826,1.2831113708817388
肇庆市,Zhaoqing,2018,2,4,0,16.198759109050524,68.9904576927799,17.703577840950068,22.432984439331463,75.5223632438012,153.56820895015736,0.5104437469478921,0.5009563666360436,0.05282726103201695,0.06778325932271873,0.0728116022581581,4.188463031715826,1.2831113708817388
肇庆市,Zhaoqing,2018,3,4,0,19.882005563352774,72.8418408943529,74.87023922887539,22.432984439331463,75.5223632438012,153.56820895015736,0.7876404115037072,0.7730009058234086,0.04440558917726064,0.0569773164040462,0.3261262491558177,4.188463031715826,1.2831113708817388
肇庆市,Zhaoqing,2018,4,5,0,23.01988847617294,76.93355264254538,112.7033228117377,22.432984439331463,75.5223632438012,153.56820895015736,1.035572920468254,1.0163252086569523,0.04769982684842263,0.06120419021830113,0.5721787161954787,4.188463031715826,1.2831113708817388
肇庆市,Zhaoqing,2018,5,4,0,28.09486859968705,79.861975963909,124.84135003236956,22.432984439331463,75.5223632438012,153.56820895015736,1.4220688478887045,1.395637516189132,0.05547038136152847,0.07117467707212365,0.9734440989711194,4.188463031715826,1.2831113708817388
肇庆市,Zhaoqing,2018,6,4,1,27.73777991351435,83.7209495610489,453.9587590872066,22.432984439331463,75.5223632438012,153.56820895015736,1.5501615306458407,1.521349399879283,0.056290277305036024,0.072226694880178,0.9468993111655237,4.188463031715826,1.2831113708817388
肇庆市,Zhaoqing,2018,7,5,0,28.34560067436926,85.06656943955852,253.6959131133581,22.432984439331463,75.5223632438012,153.56820895015736,1.5283202834312424,1.4999141057595144,1.5294930793612307,1.9625099618133208,0.9917957590583424,4.188463031715826,1.2831113708817388
肇庆市,Zhaoqing,2018,8,4,6,27.722104775421823,87.01651710553705,357.4650251124833,22.432984439331463,75.5223632438012,153.56820895015736,1.5298202006117614,1.5013861446776138,0.4678535894607769,0.6003082605449597,0.945723747026863,4.188463031715826,1.2831113708817388
肇庆市,Zhaoqing,2018,9,5,10,26.74522983518642,75.90217408387853,251.6118008186006,22.432984439331463,75.5223632438012,153.56820895015736,1.3607321567245438,1.3354408615512767,7.020747830574616,9.00840137350359,0.8709811869605694,4.188463031715826,1.2831113708817388
肇庆市,Zhaoqing,2018,10,4,3,22.502822797488424,72.18457999621396,61.77746032816707,22.432984439331463,75.5223632438012,153.56820895015736,0.952931398733017,0.9352197064164005,5.897223636669163,7.566794704842763,0.5305867344596932,4.188463031715826,1.2831113708817388
肇庆市,Zhaoqing,2018,11,4,2,20.5971847976168,76.5823682156863,27.32704740715485,22.432984439331463,75.5223632438012,153.56820895015736,0.8264001694666486,0.8110402542078443,1.893538573694087,2.4296208751100723,0.3805100782133739,4.188463031715826,1.2831113708817388
肇庆市,Zhaoqing,2018,12,5,0,15.02180800299334,77.9014062202786,40.997369564423046,22.432984439331463,75.5223632438012,153.56820895015736,0.4794867108015506,0.4705747145099866,0.04754638131704331,0.06100730251217733,0.004148816055762402,4.188463031715826,1.2831113708817388
肇庆市,Zhaoqing,2019,1,4,0,15.700812967473825,71.20471902270715,4.026406564694063,22.432984439331463,75.5223632438012,153.56820895015736,0.48190870801457053,0.4729516951882531,0.05406337378627894,0.06936932965340423,0.042917502967799816,4.188463031715826,1.2831113708817388
肇庆市,Zhaoqing,2019,2,4,0,17.942867667199152,85.9842050563996,110.59177520532958,22.432984439331463,75.5223632438012,153.56820895015736,0.7217259570776191,0.7083115726784167,0.0432045593882057,0.05543626142494211,0.18634865248018512,4.188463031715826,1.2831113708817388
肇庆市,Zhaoqing,2019,3,5,0,19.65109229739348,83.05163312064903,229.9866950532326,22.432984439331463,75.5223632438012,153.56820895015736,0.8723760507837699,0.8561616032207968,0.04452894632671137,0.057135597365185996,0.3088571129101617,4.188463031715826,1.2831113708817388
肇庆市,Zhaoqing,2019,4,4,0,23.714593352453623,86.4433275084865,343.6597352005957,22.432984439331463,75.5223632438012,153.56820895015736,1.2151678588895523,1.1925820995596474,0.049378134828828406,0.06335764627180135,0.628342863307865,4.188463031715826,1.2831113708817388
肇庆市,Zhaoqing,2019,5,4,2,25.55860363928855,87.15633654488198,270.23897723611424,22.432984439331463,75.5223632438012,153.56820895015736,1.3299693642733188,1.305249842803196,0.05202901450270489,0.06675902012419153,0.77719865215691,4.188463031715826,1.2831113708817388
肇庆市,Zhaoqing,2019,6,5,0,28.48379454598478,84.86296305390007,339.5145396590834,22.432984439331463,75.5223632438012,153.56820895015736,1.5736366833191253,1.5443882308175638,3.136226172876483,4.024127464074733,1.0018017104809362,4.188463031715826,1.2831113708817388
肇庆市,Zhaoqing,2019,7,4,1,28.49848218518153,84.86458364079994,295.9544005185636,22.432984439331463,75.5223632438012,153.56820895015736,1.5573509717427734,1.5284052141812474,0.9615509165290979,1.233776914680243,1.0028604518387885,4.188463031715826,1.2831113708817388
肇庆市,Zhaoqing,2019,8,4,4,29.0726968492237,82.59901628043167,242.7104639419063,22.432984439331463,75.5223632438012,153.56820895015736,1.5687216722471051,1.5395645727683909,1.648408523168127,2.1150917199353976,1.0434923752254015,4.188463031715826,1.2831113708817388
肇庆市,Zhaoqing,2019,9,5,14,27.526101126945218,70.70491186010398,99.9455849638046,22.432984439331463,75.5223632438012,153.56820895015736,1.3171952582017732,1.292713163094828,5.216754837526078,6.693677451132028,0.9309553132744915,4.188463031715826,1.2831113708817388
肇庆市,Zhaoqing,2019,10,4,17,24.550928443059448,66.39218962177478,24.182032188510725,22.432984439331463,75.5223632438012,153.56820895015736,1.0389654631395346,1.019654695716838,10.830013496794894,13.89611346454023,0.6960643864480451,4.188463031715826,1.2831113708817388
肇庆市,Zhaoqing,2019,11,4,4,20.6964654480287,57.8695483454035,0.3602547390368502,22.432984439331463,75.5223632438012,153.56820895015736,0.7217371780360448,0.7083225850781114,5.870642993503583,7.532688779351656,0.3881585001210362,4.188463031715826,1.2831113708817388
肇庆市,Zhaoqing,2019,12,5,1,16.9805961286787,58.02328153915303,8.56681305384461,22.432984439331463,75.5223632438012,153.56820895015736,0.5007055036078616,0.4913991234918008,0.5878330355673727,0.7542552521164254,0.12208880191109525,4.188463031715826,1.2831113708817388
中山市,Zhongshan,2005,1,5,0,14.90409595165388,70.90704099321025,18.21910884000663,23.437215246640775,76.75283521569222,146.73850249312625,0.37327070419600034,0.38618784464377204,0.13712010682389866,0.16703340789492344,0.0,13.712010682389867,1.2181540093856693
中山市,Zhongshan,2005,2,4,0,15.78343648938085,80.57330854799268,51.41088666858251,23.437215246640775,76.75283521569222,146.73850249312625,0.4678987628355183,0.48409053456296525,0.13735147401860454,0.1673152487707947,0.04779419926372823,13.712010682389867,1.2181540093856693
中山市,Zhongshan,2005,3,4,0,18.716207466786848,79.57058440863342,73.53807388032489,23.437215246640775,76.75283521569222,146.73850249312625,0.646660231969824,0.6690380959287293,0.13872972363514158,0.16899416906711356,0.24058672010425772,13.712010682389867,1.2181540093856693
中山市,Zhongshan,2005,4,4,0,23.515515354566823,82.05537714057738,105.64847013842189,23.437215246640775,76.75283521569222,146.73850249312625,0.9656942235034859,0.9991123508153105,0.14323694339283097,0.1744846568861252,0.6122270997791933,13.712010682389867,1.2181540093856693
中山市,Zhongshan,2005,5,5,0,27.849072892660057,84.98280167071287,401.8676644927125,23.437215246640775,76.75283521569222,146.73850249312625,1.3814297764458006,1.429234552551976,0.15077246170744976,0.18366407873387722,0.9552214406777445,13.712010682389867,1.2181540093856693
中山市,Zhongshan,2005,6,4,1,28.1036388408184,86.7123453137871,446.5648477516142,23.437215246640775,76.75283521569222,146.73850249312625,1.4210087916887009,1.4701832110401942,0.15144101672539126,0.18447848170947756,0.9740901537951966,13.712010682389867,1.2181540093856693
中山市,Zhongshan,2005,7,5,0,29.79193291418728,80.0245324106213,169.3670985150345,23.437215246640775,76.75283521569222,146.73850249312625,1.4037821681247806,1.4523604551960958,1.7231605332516549,2.0990749123956514,1.0920432463947878,13.712010682389867,1.2181540093856693
中山市,Zhongshan,2005,8,4,0,28.4285405136272,84.75891460909592,321.9961580165317,23.437215246640775,76.75283521569222,146.73850249312625,1.393950138465937,1.4421881853133012,0.5688293054616532,0.6929216991041784,0.9978106025138692,13.712010682389867,1.2181540093856693
中山市,Zhongshan,2005,9,4,0,28.480550504651376,79.85432015719243,149.3263382804619,23.437215246640775,76.75283521569222,146.73850249312625,1.303438890665052,1.3485447696599582,0.15062669624667585,0.18348651395340554,1.0015677437377868,13.712010682389867,1.2181540093856693
中山市,Zhongshan,2005,10,5,0,25.49440605181016,67.89661402556192,6.8844221458894745,23.437215246640775,76.75283521569222,146.73850249312625,0.971953279271964,1.005588003015073,0.1448838449987791,0.1764908366804746,0.7720595464148617,13.712010682389867,1.2181540093856693
中山市,Zhongshan,2005,11,4,0,21.91442341853617,71.17378529937935,16.273799529596136,23.437215246640775,76.75283521569222,146.73850249312625,0.7773295921985204,0.8042293070804176,0.1410094670354454,0.17177124763056417,0.48361333979064025,13.712010682389867,1.2181540093856693
中山市,Zhongshan,2005,12,4,0,15.4309905225378,47.42970369212912,4.22209743373488,23.437215246640775,76.75283521569222,146.73850249312625,0.2771146692926976,0.286704302401199,0.13719817424962233,0.16712850604257112,0.027229248068427928,13.712010682389867,1.2181540093856693
中山市,Zhongshan,2006,1,5,0,16.64873226175438,71.38547139262373,17.647304435323715,23.437215246640775,76.75283521569222,146.73850249312625,0.4729298993206276,0.4892957749781702,0.1376134868391398,0.16763442073864018,0.10083471807275163,13.712010682389867,1.2181540093856693
中山市,Zhongshan,2006,2,4,0,17.2721850149907,71.46046843526153,56.65708891304087,23.437215246640775,76.75283521569222,146.73850249312625,0.5258394351921438,0.5440362606086578,0.13788805792733422,0.1679688906105856,0.14115807328290683,13.712010682389867,1.2181540093856693
中山市,Zhongshan,2006,3,4,0,19.95652301193648,84.40210129985903,88.3768211251408,23.437215246640775,76.75283521569222,146.73850249312625,0.743700708687673,0.7694366863500983,0.13967256519303456,0.17014269529107634,0.3317307862254067,13.712010682389867,1.2181540093856693
中山市,Zhongshan,2006,4,5,0,24.8227083516947,84.16973864389475,203.82426838541917,23.437215246640775,76.75283521569222,146.73850249312625,1.1003154892676759,1.1383922243341014,0.14529406780426632,0.1769905512357203,0.7180267754506999,13.712010682389867,1.2181540093856693
中山市,Zhongshan,2006,5,4,0,26.037975368527,81.81012946829642,383.390500013135,23.437215246640775,76.75283521569222,146.73850249312625,1.235557615088795,1.278314442951277,0.14754333901881786,0.17973050998392204,0.8153887529311498,13.712010682389867,1.2181540093856693
中山市,Zhongshan,2006,6,4,0,28.60242803661975,84.40843654455705,235.9780778028372,23.437215246640775,76.75283521569222,146.73850249312625,1.371025399847628,1.418470129498833,0.15145128965492793,0.1844909957197808,1.0103267268724727,13.712010682389867,1.2181540093856693
中山市,Zhongshan,2006,7,5,0,29.50229137261274,83.0479197942773,346.1805344509308,23.437215246640775,76.75283521569222,146.73850249312625,1.4714477250695395,1.5223675982677776,0.15345254782016543,0.18692883637758068,1.0728316219322191,13.712010682389867,1.2181540093856693
中山市,Zhongshan,2006,8,4,0,29.33189656966355,82.39611415286308,135.5135151299625,23.437215246640775,76.75283521569222,146.73850249312625,1.3661480535952,1.4134240012716965,0.15212092756133094,0.18530671782030225,1.0613107407215117,13.712010682389867,1.2181540093856693
中山市,Zhongshan,2006,9,4,0,26.63430504468585,77.50556796181205,172.87824265561002,23.437215246640775,76.75283521569222,146.73850249312625,1.1795679749492487,1.22038726515562,0.14764390293144408,0.17985301231728718,0.8623325077227408,13.712010682389867,1.2181540093856693
中山市,Zhongshan,2006,10,5,0,26.028092321364777,71.01338402242504,42.20703051236907,23.437215246640775,76.75283521569222,146.73850249312625,1.0432679147995263,1.0793705020870712,0.14591271344586232,0.17774415690441944,0.8146050503476117,13.712010682389867,1.2181540093856693
中山市,Zhongshan,2006,11,4,0,22.138869797359572,74.98236726553745,62.88088173474502,23.437215246640775,76.75283521569222,146.73850249312625,0.8315852938266272,0.8603625429220174,0.14143463944264445,0.17228917310307387,0.5014784353689421,13.712010682389867,1.2181540093856693
中山市,Zhongshan,2006,12,5,0,17.087765381191122,60.263180725672704,18.24694839983557,23.437215246640775,76.75283521569222,146.73850249312625,0.4493758943594356,0.46492667687741185,0.1377201192070923,0.1677643153851918,0.1290552710856473,13.712010682389867,1.2181540093856693
中山市,Zhongshan,2007,1,4,0,14.803382337873275,56.47948176203936,12.94123325932197,23.437215246640775,76.75283521569222,146.73850249312625,0.30383705642508413,0.31435142545260775,0.13712010682389866,0.16703340789492344,0.0,13.712010682389867,1.2181540093856693
中山市,Zhongshan,2007,2,4,0,20.283041375589622,81.49604397798792,44.10463760128397,23.437215246640775,76.75283521569222,146.73850249312625,0.7338886177845111,0.7592850452093804,0.13982667380254404,0.17033042331163115,0.3564625690604782,13.712010682389867,1.2181540093856693
中山市,Zhongshan,2007,3,4,0,20.07394973185085,83.98145883412295,54.20670217451059,23.437215246640775,76.75283521569222,146.73850249312625,0.7341405027305848,0.7595456467067091,0.13970706605420932,0.17018472265344362,0.3405929902340129,13.712010682389867,1.2181540093856693
中山市,Zhongshan,2007,4,5,0,22.212445496512625,80.35567145571301,180.82584697100464,23.437215246640775,76.75283521569222,146.73850249312625,0.9076311107896147,0.9390399473284724,0.14188432353857577,0.17283695758748957,0.5073497382333001,13.712010682389867,1.2181540093856693
中山市,Zhongshan,2007,5,4,0,27.5678433090104,81.028052189775,221.29258647241545,23.437215246640775,76.75283521569222,146.73850249312625,1.2789122831125157,1.323169411774481,0.14947997803362767,0.18208963456454533,0.9341110140351102,13.712010682389867,1.2181540093856693
中山市,Zhongshan,2007,6,4,0,28.7544995063804,85.32496389779376,303.5982617521102,23.437215246640775,76.75283521569222,146.73850249312625,1.4125175179733869,1.4613980943473086,0.15204337670111107,0.1852122489289941,1.021163907010392,13.712010682389867,1.2181540093856693
中山市,Zhongshan,2007,7,5,0,30.1702994878608,79.73399891904243,101.35562465982092,23.437215246640775,76.75283521569222,146.73850249312625,1.3927727382990476,1.440970040873829,0.15320689656267064,0.18662959531335277,1.1163861345109352,13.712010682389867,1.2181540093856693
中山市,Zhongshan,2007,8,4,2,28.51631540182948,84.51652173564945,260.5816885655333,23.437215246640775,76.75283521569222,146.73850249312625,1.3755611070059557,1.423162796112418,0.15141072061511227,0.18444157638127243,1.004144700117974,13.712010682389867,1.2181540093856693
中山市,Zhongshan,2007,9,5,15,28.13820483855924,74.87825423776772,129.79908435369927,23.437215246640775,76.75283521569222,146.73850249312625,1.2466197279469033,1.2897593634174591,2.6563647010082536,3.235861310923769,0.9766335743084448,13.712010682389867,1.2181540093856693
中山市,Zhongshan,2007,10,4,3,24.37252350158408,65.66180838208196,43.2459620617494,23.437215246640775,76.75283521569222,146.73850249312625,0.9123598963416382,0.9439323738692911,10.174337236931372,12.393909698009862,0.6816286550874923,13.712010682389867,1.2181540093856693
中山市,Zhongshan,2007,11,4,0,20.1185812688054,56.130889856379625,6.024002581012329,23.437215246640775,76.75283521569222,146.73850249312625,0.5873705248540014,0.6076966513866547,1.7048449606307265,2.076763724173273,0.3439709269922882,13.712010682389867,1.2181540093856693
中山市,Zhongshan,2007,12,5,0,17.77953950340276,62.35287225194146,6.695581232260145,23.437215246640775,76.75283521569222,146.73850249312625,0.4927314403356602,0.5097825540349195,0.217492823388048,0.26493975482275994,0.1751786476366809,13.712010682389867,1.2181540093856693
中山市,Zhongshan,2008,1,4,0,13.894841815761604,75.79449513504657,50.559544552759405,23.437215246640775,76.75283521569222,146.73850249312625,0.3451744788794254,0.35711934134130974,0.13712010682389866,0.16703340789492344,0.0,13.712010682389867,1.2181540093856693
中山市,Zhongshan,2008,2,4,0,12.984775705775933,63.15108320110795,21.99318874821736,23.437215246640775,76.75283521569222,146.73850249312625,0.24035315467740126,0.24867064496295754,0.13712010682389866,0.16703340789492344,0.0,13.712010682389867,1.2181540093856693
中山市,Zhongshan,2008,3,5,0,20.54068231280614,76.14053935160082,65.1595482518178,23.437215246640775,76.75283521569222,146.73850249312625,0.7402445719791794,0.7658609490333371,0.14000102601617967,0.17054281115971667,0.3761673964336824,13.712010682389867,1.2181540093856693
中山市,Zhongshan,2008,4,4,0,24.660121446552527,82.28168152081173,167.38164563662718,23.437215246640775,76.75283521569222,146.73850249312625,1.0675406942341588,1.1044832480593676,0.14490553286967817,0.17651725584736536,0.7048930854731296,13.712010682389867,1.2181540093856693
中山市,Zhongshan,2008,5,4,0,26.093459476840025,81.37955908347108,180.5746474705904,23.437215246640775,76.75283521569222,146.73850249312625,1.1640261413092294,1.2043076018769838,0.14699284432389031,0.17905992266415052,0.8197853675094652,13.712010682389867,1.2181540093856693
中山市,Zhongshan,2008,6,5,0,27.61451344232724,86.61045875154002,690.262583415298,23.437215246640775,76.75283521569222,146.73850249312625,1.4519303310420955,1.5021747991871297,0.151204987509269,0.1841909617735261,0.9376326039414374,13.712010682389867,1.2181540093856693
中山市,Zhongshan,2008,7,4,0,28.995717773946176,82.3857052437583,200.22369007943976,23.437215246640775,76.75283521569222,146.73850249312625,1.3740114683466362,1.421559531760054,0.1518778171708257,0.185010571923385,1.0381352322723547,13.712010682389867,1.2181540093856693
中山市,Zhongshan,2008,8,5,0,28.69292876688882,82.39365185387967,355.6018518122793,23.437215246640775,76.75283521569222,146.73850249312625,1.4142489472717221,1.4631894402562178,0.15199765105576427,0.18515654805078316,1.0167886551491516,13.712010682389867,1.2181540093856693
中山市,Zhongshan,2008,9,4,0,28.6406342967009,74.94989467231093,126.046341869516,23.437215246640775,76.75283521569222,146.73850249312625,1.2786208576869322,1.3228679014879372,0.15052154137653237,0.1833584191267338,1.0130591677037457,13.712010682389867,1.2181540093856693
中山市,Zhongshan,2008,10,4,0,26.3854813420058,76.0356751532724,67.80947320543825,23.437215246640775,76.75283521569222,146.73850249312625,1.1051997418409834,1.1434454978773447,0.14675742985951132,0.17877315159049986,0.8428318668010916,13.712010682389867,1.2181540093856693
中山市,Zhongshan,2008,11,5,1,19.91169175632404,55.305049971831,29.79099269692193,23.437215246640775,76.75283521569222,146.73850249312625,0.5821890267980674,0.6023358460950712,0.1390979197159764,0.1694426885992226,0.32835716235383405,13.712010682389867,1.2181540093856693
中山市,Zhongshan,2008,12,4,0,16.3127816131487,51.28937183162675,9.44123687237698,23.437215246640775,76.75283521569222,146.73850249312625,0.35173188369815034,0.36390366704630894,0.16616832042515003,0.20241860575877912,0.07982391009419204,13.712010682389867,1.2181540093856693
中山市,Zhongshan,2009,1,4,0,14.068258543382823,56.10036542295528,3.3135793453216538,23.437215246640775,76.75283521569222,146.73850249312625,0.25893673844914117,0.2678973190144973,0.13712010682389866,0.16703340789492344,0.0,13.712010682389867,1.2181540093856693
中山市,Zhongshan,2009,2,4,0,21.3696095895938,79.7998690311308,8.83345950307541,23.437215246640775,76.75283521569222,146.73850249312625,0.774988296857092,0.8018069905379815,0.14065265296388269,0.17133659313868485,0.4405731281556692,13.712010682389867,1.2181540093856693
中山市,Zhongshan,2009,3,5,0,19.6969123421565,81.50167421946075,150.99822997363705,23.437215246640775,76.75283521569222,146.73850249312625,0.7431187430980551,0.7688345816732916,0.13952096049467178,0.169958017419924,0.31227181086832845,13.712010682389867,1.2181540093856693
中山市,Zhongshan,2009,4,4,0,23.133019558622024,77.4222588105481,126.32342650593456,23.437215246640775,76.75283521569222,146.73850249312625,0.9324670444970329,0.9647353356896955,0.14272818831203343,0.17386491484465635,0.5813077722633134,13.712010682389867,1.2181540093856693
中山市,Zhongshan,2009,5,5,0,26.43087755075688,78.7195942207444,261.0625931871345,23.437215246640775,76.75283521569222,146.73850249312625,1.2070304333607365,1.2488000698663342,0.14768994430189838,0.1799090977973037,0.8463994944467824,13.712010682389867,1.2181540093856693
中山市,Zhongshan,2009,6,4,0,28.662396948613075,84.64517275729537,248.8982359954513,23.437215246640775,76.75283521569222,146.73850249312625,1.3815737633224403,1.4293835221360378,0.15162281357499838,0.18469993827072015,1.0146127002658598,13.712010682389867,1.2181540093856693
中山市,Zhongshan,2009,7,4,0,29.542993919874974,81.77267190321007,255.1921722742844,23.437215246640775,76.75283521569222,146.73850249312625,1.433111542744458,1.4827047812891918,0.1530674883917648,0.18645977469102268,1.0755601363880476,13.712010682389867,1.2181540093856693
中山市,Zhongshan,2009,8,5,0,29.71443194375248,80.84103816003392,252.723492347148,23.437215246640775,76.75283521569222,146.73850249312625,1.4397421689925363,1.4895648622722393,0.1533109318855888,0.18675632635908326,1.0869499859839633,13.712010682389867,1.2181540093856693
中山市,Zhongshan,2009,9,4,0,28.77775753118675,77.906715415827,187.8650143628085,23.437215246640775,76.75283521569222,146.73850249312625,1.3324297769130236,1.3785388938935548,0.15121996994247672,0.1842092126846084,1.0228121368962102,13.712010682389867,1.2181540093856693
中山市,Zhongshan,2009,10,4,3,25.743995241748927,68.11019300035488,34.56847345270956,23.437215246640775,76.75283521569222,146.73850249312625,1.0054956104269357,1.0402910762202617,0.14535930366200453,0.17707001855737983,0.7920087970034057,13.712010682389867,1.2181540093856693
中山市,Zhongshan,2009,11,5,0,18.62360293436322,65.33750335536733,34.90982926626046,23.437215246640775,76.75283521569222,146.73850249312625,0.5679329415495613,0.5875864249021142,0.5495692355617051,0.6694599677345084,0.23397927025884813,13.712010682389867,1.2181540093856693
中山市,Zhongshan,2009,12,4,0,16.454143020150426,76.55070083622087,58.8914330054882,23.437215246640775,76.75283521569222,146.73850249312625,0.4974528670090291,0.5146673670409637,0.17816048037769833,0.21702690348617007,0.0886017221607679,13.712010682389867,1.2181540093856693
中山市,Zhongshan,2010,1,5,0,16.9371618054275,80.73277570090559,49.86632097978095,23.437215246640775,76.75283521569222,146.73850249312625,0.5350045239647424,0.553518509923354,0.13778034105949483,0.1678376748761486,0.11927952250189365,13.712010682389867,1.2181540093856693
中山市,Zhongshan,2010,2,4,0,18.93773970410963,86.80786391790667,108.1947761854802,23.437215246640775,76.75283521569222,146.73850249312625,0.696675591944528,0.720784251870212,0.1389690002638451,0.16928564485172104,0.2565113534527318,13.712010682389867,1.2181540093856693
中山市,Zhongshan,2010,3,4,0,19.27912443746905,76.7523710081726,31.87008617033201,23.437215246640775,76.75283521569222,146.73850249312625,0.6514642195966621,0.6740083269338654,0.13901653501002414,0.16934354949336416,0.2813656909481433,13.712010682389867,1.2181540093856693
中山市,Zhongshan,2010,4,4,0,21.68237658148677,85.2995082993025,165.0991980899095,23.437215246640775,76.75283521569222,146.73850249312625,0.8854657710034447,0.9161075695618983,0.14138203859859905,0.1722250971740029,0.4652217617564851,13.712010682389867,1.2181540093856693
中山市,Zhongshan,2010,5,5,0,26.37526768599012,85.2526057774131,309.8249113143715,23.437215246640775,76.75283521569222,146.73850249312625,1.2486132387516709,1.2918218602389697,0.14799761642072387,0.18028388982242716,0.8420286056169558,13.712010682389867,1.2181540093856693
中山市,Zhongshan,2010,6,4,0,28.3742525499842,85.83324849779717,279.2465867293544,23.437215246640775,76.75283521569222,146.73850249312625,1.3785152495661597,1.4262191676285083,0.15129496859184002,0.18430057259002883,0.9938768241006797,13.712010682389867,1.2181540093856693
中山市,Zhongshan,2010,7,4,0,29.617755056102222,82.5785205984729,203.74000754417284,23.437215246640775,76.75283521569222,146.73850249312625,1.419731978625255,1.4688622134921887,0.15299186258668063,0.18636765081334639,1.080547625025168,13.712010682389867,1.2181540093856693
中山市,Zhongshan,2010,8,5,0,29.11997780415938,81.61428615243486,265.7485284105067,23.437215246640775,76.75283521569222,146.73850249312625,1.4069997280693114,1.455689359731122,0.1523578000956611,0.1855952650477099,1.0467681974797813,13.712010682389867,1.2181540093856693
中山市,Zhongshan,2010,9,4,1,28.294837696904224,82.89046378007615,413.8345543176867,23.437215246640775,76.75283521569222,146.73850249312625,1.407847612143521,1.4565665850784262,0.15151244817263665,0.18456549621333576,0.9881004751981908,13.712010682389867,1.2181540093856693
中山市,Zhongshan,2010,10,5,3,23.54373961646282,66.77651969244816,71.24258484894243,23.437215246640775,76.75283521569222,146.73850249312625,0.882455760602452,0.9129933968822649,0.6981647665487825,0.8504722095832091,0.6145111910346416,13.712010682389867,1.2181540093856693
中山市,Zhongshan,2010,11,4,0,20.899355027048827,62.60115709417075,0.3639399710109714,23.437215246640775,76.75283521569222,146.73850249312625,0.6667359342699248,0.6898085237009418,1.056448277240883,1.2869167046295646,0.40385742491423565,13.712010682389867,1.2181540093856693
中山市,Zhongshan,2010,12,4,0,16.35293785331375,60.14155586152295,21.606732068605385,23.437215246640775,76.75283521569222,146.73850249312625,0.40988618556395945,0.4240704153120057,0.16853404814561115,0.20530042646657365,0.08230797996287163,13.712010682389867,1.2181540093856693
中山市,Zhongshan,2011,1,5,0,12.07957886604968,61.58444443842784,12.716290937726962,23.437215246640775,76.75283521569222,146.73850249312625,0.18195752455459493,0.18825421720628083,0.13712010682389866,0.16703340789492344,0.0,13.712010682389867,1.2181540093856693
中山市,Zhongshan,2011,2,4,0,16.49833569637355,76.63212778426782,29.090446914413103,23.437215246640775,76.75283521569222,146.73850249312625,0.4876767820019745,0.5045529777907796,0.13758109052969508,0.1675949570444008,0.09136477755316656,13.712010682389867,1.2181540093856693
中山市,Zhongshan,2011,3,4,0,17.718426869793852,68.47836643351955,15.03796747903526,23.437215246640775,76.75283521569222,146.73850249312625,0.5209951918488639,0.5390243808263943,0.13804197826838197,0.16815638929115892,0.17102592707772313,13.712010682389867,1.2181540093856693
中山市,Zhongshan,2011,4,4,0,23.786162419160224,74.76197414588346,56.80472680078289,23.437215246640775,76.75283521569222,146.73850249312625,0.9291081864137237,0.9612602433530187,0.1432158312399123,0.17445893903240056,0.6341388253768667,13.712010682389867,1.2181540093856693
中山市,Zhongshan,2011,5,5,0,26.48010595072004,79.97180925969066,163.1538539370794,23.437215246640775,76.75283521569222,146.73850249312625,1.1761417323084555,1.2168424563993996,0.14746647318150882,0.17963687555601926,0.8502634259018828,13.712010682389867,1.2181540093856693
中山市,Zhongshan,2011,6,4,0,28.9626944312593,83.14558570761032,279.1046810165168,23.437215246640775,76.75283521569222,146.73850249312625,1.4082403196390658,1.4569728823301928,0.15221184252134393,0.1854174662433552,1.0358281805017864,13.712010682389867,1.2181540093856693
中山市,Zhongshan,2011,7,5,0,29.407580007195257,82.11004794152574,276.2777309487768,23.437215246640775,76.75283521569222,146.73850249312625,1.4337349908313006,1.4833498039770119,0.15293925085966192,0.18630356162713785,1.0664473068557747,13.712010682389867,1.2181540093856693
中山市,Zhongshan,2011,8,4,0,29.654631219572824,77.99977250841448,107.5291152759634,23.437215246640775,76.75283521569222,146.73850249312625,1.352613750751945,1.399421339972437,0.152275784751992,0.18549535772798822,1.0829960566695267,13.712010682389867,1.2181540093856693
中山市,Zhongshan,2011,9,4,0,28.0252445337752,75.55470495710745,122.99045669105816,23.437215246640775,76.75283521569222,146.73850249312625,1.2391402176579946,1.282021022516353,0.1495339799942563,0.18215541726939977,0.968304961644986,13.712010682389867,1.2181540093856693
中山市,Zhongshan,2011,10,5,0,24.65472250766446,71.91089057130108,123.99714366453358,23.437215246640775,76.75283521569222,146.73850249312625,1.0027338783834676,1.0374337736423704,0.1444283785531681,0.17593600840361293,0.7044567002682511,13.712010682389867,1.2181540093856693
中山市,Zhongshan,2011,11,4,0,21.5078242848865,70.61069861694912,68.97384561001354,23.437215246640775,76.75283521569222,146.73850249312625,0.777121824627718,0.8040143496528641,0.14074978626351706,0.1714549164570793,0.4514446093139413,13.712010682389867,1.2181540093856693
中山市,Zhongshan,2011,12,4,0,15.907968164761025,50.23133194651475,1.2562055449871046,23.437215246640775,76.75283521569222,146.73850249312625,0.3199655313266701,0.3310380308829768,0.13730286593521207,0.1672560366391216,0.055207889808288314,13.712010682389867,1.2181540093856693
中山市,Zhongshan,2012,1,5,0,13.634084012048875,78.05362041279008,57.6755610439129,23.437215246640775,76.75283521569222,146.73850249312625,0.33952808115245536,0.3512775483914,0.13712010682389866,0.16703340789492344,0.0,13.712010682389867,1.2181540093856693
中山市,Zhongshan,2012,2,4,0,16.0623092355111,82.90282234954668,73.2573378984349,23.437215246640775,76.75283521569222,146.73850249312625,0.4994468183811346,0.5167303196757721,0.13745340208699,0.1674394128559674,0.06450081413849583,13.712010682389867,1.2181540093856693
中山市,Zhongshan,2012,3,4,1,19.515586964468422,80.53887527818468,60.67217431886833,23.437215246640775,76.75283521569222,146.73850249312625,0.6922005573835183,0.7161543574466859,0.13925993572727877,0.16964004905297525,0.29879437039373047,13.712010682389867,1.2181540093856693
中山市,Zhongshan,2012,4,5,0,25.0772239288008,86.31065558117959,409.3774528308106,23.437215246640775,76.75283521569222,146.73850249312625,1.1954002255556433,1.2367673953635698,1.0505342418667962,1.2797124987269723,0.7385496565216154,13.712010682389867,1.2181540093856693
中山市,Zhongshan,2012,5,4,0,27.7262910728979,83.10773062514885,230.85015617483413,23.437215246640775,76.75283521569222,146.73850249312625,1.3027509094985763,1.3478329807066596,0.5196503839319075,0.6330141986654556,0.9460377820884277,13.712010682389867,1.2181540093856693
中山市,Zhongshan,2012,6,4,0,28.60694823933405,84.45818418689194,276.561088788804,23.437215246640775,76.75283521569222,146.73850249312625,1.3879993535965192,1.4360314718160307,0.15163336376350786,0.18471279002515276,1.0106503391082002,13.712010682389867,1.2181540093856693
中山市,Zhongshan,2012,7,5,0,29.327877072080536,82.13983396527368,259.2410548427265,23.437215246640775,76.75283521569222,146.73850249312625,1.4213621328916282,1.470548779717426,0.1527231747537427,0.1860403476523799,1.0610370866338918,13.712010682389867,1.2181540093856693
中山市,Zhongshan,2012,8,4,0,29.23795265813285,81.0873460571141,149.212397249961,23.437215246640775,76.75283521569222,146.73850249312625,1.3607167515905945,1.407804747493702,0.15197093581886617,0.18512400477784405,1.0548926633047835,13.712010682389867,1.2181540093856693
中山市,Zhongshan,2012,9,5,3,27.277887261838043,72.85268997749672,100.10411267126632,23.437215246640775,76.75283521569222,146.73850249312625,1.1644880147474557,1.2047854585788405,0.1481086951885229,0.18041920086877916,0.9120784357396158,13.712010682389867,1.2181540093856693
中山市,Zhongshan,2012,10,4,1,24.7365901471855,69.52328382668745,85.907417914935,23.437215246640775,76.75283521569222,146.73850249312625,0.9778509826087695,1.0116897980779755,2.295273463041312,2.795996571640304,0.7110721620788992,13.712010682389867,1.2181540093856693
中山市,Zhongshan,2012,11,4,2,21.120011631773625,80.9937145771175,104.67861780875072,23.437215246640775,76.75283521569222,146.73850249312625,0.8110151831575801,0.8390805976365608,0.8083495756910241,0.9846942766132255,0.4210306719281595,13.712010682389867,1.2181540093856693
中山市,Zhongshan,2012,12,5,0,15.92246085975898,73.75496893394129,45.38112522311756,23.437215246640775,76.75283521569222,146.73850249312625,0.4520086956465282,0.4676505870128929,0.19743481379831732,0.2405060100207333,0.056075596544324695,13.712010682389867,1.2181540093856693
中山市,Zhongshan,2013,1,4,0,16.314108840615823,71.53085872845507,7.193455062965019,23.437215246640775,76.75283521569222,146.73850249312625,0.4496834910252905,0.46524491801466367,0.15942559304948356,0.1942049253719165,0.07990589243750348,13.712010682389867,1.2181540093856693
中山市,Zhongshan,2013,2,4,0,18.747179988775105,80.0225026406677,20.013085856682576,23.437215246640775,76.75283521569222,146.73850249312625,0.6253710782112019,0.6470122248600609,0.1386910732580072,0.16894708695524305,0.24280320738117384,13.712010682389867,1.2181540093856693
中山市,Zhongshan,2013,3,5,1,20.996572234951135,79.95443113989867,278.6036615246617,23.437215246640775,76.75283521569222,146.73850249312625,0.8616881474582184,0.891507114491467,0.14078786720511768,0.1715013049087713,0.41141122954595505,13.712010682389867,1.2181540093856693
中山市,Zhongshan,2013,4,4,0,22.153266387699823,83.63500651394168,128.4450244569829,23.437215246640775,76.75283521569222,146.73850249312625,0.894976556844197,0.9259474788915627,0.6025260489745701,0.7339695223176786,0.5026267177786385,13.712010682389867,1.2181540093856693
中山市,Zhongshan,2013,5,4,0,27.28655075573545,88.36053929938147,271.6084929673993,23.437215246640775,76.75283521569222,146.73850249312625,1.3096455015110375,1.3549661620655493,0.5081398254348571,0.6189925656820053,0.9127404285023261,13.712010682389867,1.2181540093856693
中山市,Zhongshan,2013,6,5,1,28.76075291334318,83.53939285321903,279.3910004292074,23.437215246640775,76.75283521569222,146.73850249312625,1.3959124482768395,1.4442184014215491,0.15187434761479685,0.18500634546979763,1.0216073120502789,13.712010682389867,1.2181540093856693
中山市,Zhongshan,2013,7,4,140,28.292987662899275,85.70554387624111,273.2889921477665,23.437215246640775,76.75283521569222,146.73850249312625,1.369967092499401,1.4173751991193841,1.537438053053518,1.8728363285092404,0.9879656050844106,13.712010682389867,1.2181540093856693
中山市,Zhongshan,2013,8,4,93,28.821769641667423,84.92521466650857,353.0882109845225,23.437215246640775,76.75283521569222,146.73850249312625,1.4337376336976464,1.4833525383005102,213.6467048308887,260.2545900817837,1.0259243214710203,13.712010682389867,1.2181540093856693
中山市,Zhongshan,2013,9,5,304,27.74032813113208,76.29459463249974,234.5901050777729,23.437215246640775,76.75283521569222,146.73850249312625,1.2737513792176332,1.3178299133108355,168.6311569338569,205.41871992632178,0.9470903368408753,13.712010682389867,1.2181540093856693
中山市,Zhongshan,2013,10,4,250,24.876792921224823,61.46307017727855,12.022271238115682,23.437215246640775,76.75283521569222,146.73850249312625,0.8995336716093137,0.930662293928348,223.27447374520466,271.98269538619644,0.7223919654261145,13.712010682389867,1.2181540093856693
中山市,Zhongshan,2013,11,4,33,20.639806978923723,64.97671920366349,65.24956645191648,23.437215246640775,76.75283521569222,146.73850249312625,0.6965422450458562,0.7206462904636266,94.50534795833391,115.12206852383224,0.38379085449032113,13.712010682389867,1.2181540093856693
中山市,Zhongshan,2013,12,5,0,14.2941250541307,53.42099110210067,102.62868311631216,23.437215246640775,76.75283521569222,146.73850249312625,0.29149016741682443,0.301577268786801,0.13712010682389866,0.16703340789492344,0.0,13.712010682389867,1.2181540093856693
中山市,Zhongshan,2014,1,4,0,15.268978092889348,61.4563953994831,2.292727955893713,23.437215246640775,76.75283521569222,146.73850249312625,0.3486134918570004,0.36067736235550185,0.2013462524005188,0.24527074463647092,0.01798696045079052,13.712010682389867,1.2181540093856693
中山市,Zhongshan,2014,2,4,0,14.776436090664353,78.31372392889338,48.39931672306893,23.437215246640775,76.75283521569222,146.73850249312625,0.40205451131683184,0.4159677237172691,0.13712010682389866,0.16703340789492344,0.0,13.712010682389867,1.2181540093856693
中山市,Zhongshan,2014,3,5,0,19.35676141326062,83.23887257967237,213.4444789335401,23.437215246640775,76.75283521569222,146.73850249312625,0.7491549562769123,0.775079679751305,0.13934512223017595,0.169743819333025,0.287069247769626,13.712010682389867,1.2181540093856693
中山市,Zhongshan,2014,4,4,0,24.1943817748049,84.28817972055057,113.09722243119845,23.437215246640775,76.75283521569222,146.73850249312625,1.020907609494632,1.0562364119637286,0.1441673645763401,0.17561805318123422,0.6672045834264854,13.712010682389867,1.2181540093856693
中山市,Zhongshan,2014,5,4,0,26.802172042264772,87.75096238937971,354.9879165388001,23.437215246640775,76.75283521569222,146.73850249312625,1.3034112555458421,1.3485161782194723,0.14892514649751287,0.18141376430429348,0.8754095697391715,13.712010682389867,1.2181540093856693
中山市,Zhongshan,2014,6,5,1,29.520069769236574,82.53248733799666,216.313740430435,23.437215246640775,76.75283521569222,146.73850249312625,1.418336772848597,1.4674187262169613,0.15288054400220286,0.18623204763334564,1.0740245368774166,13.712010682389867,1.2181540093856693
中山市,Zhongshan,2014,7,4,2,29.85178527711157,81.24452291660677,188.444226365435,23.437215246640775,76.75283521569222,146.73850249312625,1.4228313516024937,1.47206884116581,1.750437421698592,2.1323023634208536,1.095952356139147,13.712010682389867,1.2181540093856693
中山市,Zhongshan,2014,8,5,45,29.18335329274736,81.67353681905061,230.7688541197824,23.437215246640775,76.75283521569222,146.73850249312625,1.3971900587333415,1.4455402239566275,3.6318947915494406,4.424207201992881,1.0511414549707385,13.712010682389867,1.2181540093856693
中山市,Zhongshan,2014,9,4,330,28.559093942346948,78.41188911530415,120.94808732232435,23.437215246640775,76.75283521569222,146.73850249312625,1.287758909941863,1.3323221786784687,61.32964214246593,74.70894947003318,1.0072197957723112,13.712010682389867,1.2181540093856693
中山市,Zhongshan,2014,10,4,275,25.35507589049605,65.10464690232415,5.460178918197263,23.437215246640775,76.75283521569222,146.73850249312625,0.9466950176743617,0.9794556719851387,256.13283533438596,312.00924029790167,0.7608887611821012,13.712010682389867,1.2181540093856693
中山市,Zhongshan,2014,11,5,30,20.80907727065194,73.38137041567015,54.26337014972344,23.437215246640775,76.75283521569222,146.73850249312625,0.7402862136199619,0.7659040316951171,113.81716567238549,138.64683670072935,0.3968608709522832,13.712010682389867,1.2181540093856693
中山市,Zhongshan,2014,12,4,0,14.4510901791188,55.44533072195865,22.69305667403984,23.437215246640775,76.75283521569222,146.73850249312625,0.28357467657503344,0.29338786009995255,0.13712010682389866,0.16703340789492344,0.0,13.712010682389867,1.2181540093856693
中山市,Zhongshan,2015,1,4,0,15.926465934072676,67.20880029626875,44.319558527366254,23.437215246640775,76.75283521569222,146.73850249312625,0.42746396488724864,0.44225647876187246,0.3612734316948101,0.4400866793035526,0.05631556841266108,13.712010682389867,1.2181540093856693
中山市,Zhongshan,2015,2,4,0,18.031509498783223,75.04113384302877,25.237810634603505,23.437215246640775,76.75283521569222,146.73850249312625,0.5690878905259619,0.5887813412211712,0.1382532391035916,0.1684137375245957,0.19245383648584125,13.712010682389867,1.2181540093856693
中山市,Zhongshan,2015,3,5,0,21.1749322573135,84.46189897451414,44.59251666261098,23.437215246640775,76.75283521569222,146.73850249312625,0.7982166691606121,0.8258391873689688,0.14063256934155646,0.17131212819362515,0.4253203978910352,13.712010682389867,1.2181540093856693
中山市,Zhongshan,2015,4,4,0,23.517061089824924,75.54508514260363,64.71802439809342,23.437215246640775,76.75283521569222,146.73850249312625,0.9198725459028193,0.9517050008367508,0.14294789317782608,0.17413254920780322,0.6123521835866725,13.712010682389867,1.2181540093856693
中山市,Zhongshan,2015,5,5,0,27.92551220080826,87.20280527317216,508.3682117588623,23.437215246640775,76.75283521569222,146.73850249312625,1.428779299036808,1.4782226190377163,0.15132452651351716,0.18433657869082895,0.9609120782406364,13.712010682389867,1.2181540093856693
中山市,Zhongshan,2015,6,4,0,30.210564582777376,82.31351713072503,92.1539696402651,23.437215246640775,76.75283521569222,146.73850249312625,1.4022857910298117,1.4508122955398883,0.1533535877534895,0.18680828777559033,1.1189235836707527,13.712010682389867,1.2181540093856693
中山市,Zhongshan,2015,7,4,6,29.00190245754285,81.34264550720438,236.3817523041677,23.437215246640775,76.75283521569222,146.73850249312625,1.3854081797422004,1.4333506296426486,0.15200640933616025,0.18516721698516284,1.038566712457015,13.712010682389867,1.2181540093856693
中山市,Zhongshan,2015,8,5,4,29.29174789189428,81.36260205194728,303.8287616860806,23.437215246640775,76.75283521569222,146.73850249312625,1.4328558971443563,1.482440288999317,9.552752314455551,11.636723532522263,1.058573519790515,13.712010682389867,1.2181540093856693
中山市,Zhongshan,2015,9,4,2,28.51716435403497,78.42590695296532,94.05566517554672,23.437215246640775,76.75283521569222,146.73850249312625,1.2706757533813906,1.3146478545548783,7.794146732041678,9.494471091376782,1.0042058029257477,13.712010682389867,1.2181540093856693
中山市,Zhongshan,2015,10,4,4,25.217450689945224,73.26294395714413,127.79550974368678,23.437215246640775,76.75283521569222,146.73850249312625,1.0469454542679644,1.0831753038701832,2.736163402369349,3.333068418930557,0.7498334082728442,13.712010682389867,1.2181540093856693
中山市,Zhongshan,2015,11,5,4,22.497790154269303,76.18191003273277,31.70834332787588,23.437215246640775,76.75283521569222,146.73850249312625,0.8424142821811083,0.8715662715438426,2.262733082984988,2.7563573772077596,0.5301831799982398,13.712010682389867,1.2181540093856693
中山市,Zhongshan,2015,12,4,2,16.499506002389126,74.27099090425405,107.13057665565542,23.437215246640775,76.75283521569222,146.73850249312625,0.5105608033982458,0.5282289073519902,0.38828131269451827,0.4729864378283582,0.09143807017363928,13.712010682389867,1.2181540093856693
中山市,Zhongshan,2016,1,5,0,14.21156910389422,78.86075676032867,231.3306328955951,23.437215246640775,76.75283521569222,146.73850249312625,0.4275517255833725,0.4423472764422142,0.13712010682389866,0.16703340789492344,0.0,13.712010682389867,1.2181540093856693
中山市,Zhongshan,2016,2,4,6,15.730875760343874,71.5055662923793,28.55010335774986,23.437215246640775,76.75283521569222,146.73850249312625,0.42624087450972264,0.440991062988838,0.1489443103173256,0.1814371087882335,0.04468799364960611,13.712010682389867,1.2181540093856693
中山市,Zhongshan,2016,3,4,2,18.2769598145574,82.74468014460213,152.39728763151203,23.437215246640775,76.75283521569222,146.73850249312625,0.6605173547383676,0.6833747484299606,0.9961767774986086,1.2134967355668258,0.20951331916794186,13.712010682389867,1.2181540093856693
中山市,Zhongshan,2016,4,4,0,24.719428837650447,88.89008162241049,240.973991300869,23.437215246640775,76.75283521569222,146.73850249312625,1.1247085247946331,1.1636293878955046,3.2752025492461527,3.989701116914366,0.7096857278175298,13.712010682389867,1.2181540093856693
中山市,Zhongshan,2016,5,5,0,27.5556434076085,84.13992324690264,196.0870815255078,23.437215246640775,76.75283521569222,146.73850249312625,1.2807160960253423,1.3250356461537516,0.8790255448759885,1.0707884918431079,0.933189282121902,13.712010682389867,1.2181540093856693
中山市,Zhongshan,2016,6,4,1,29.2194484688125,85.06103690389735,307.4838684889483,23.437215246640775,76.75283521569222,146.73850249312625,1.4458203159268999,1.495853345235471,0.15288076271243825,0.18623231405609578,1.053623066642179,13.712010682389867,1.2181540093856693
中山市,Zhongshan,2016,7,5,1,29.7848028486915,82.36051830015973,396.8543551397694,23.437215246640775,76.75283521569222,146.73850249312625,1.5064632004735805,1.5585947943039367,1.8384450021651786,2.239509150422558,1.0915761438181153,13.712010682389867,1.2181540093856693
中山市,Zhongshan,2016,8,4,2,28.869472116525625,85.08291425521233,297.6415676568261,23.437215246640775,76.75283521569222,146.73850249312625,1.4173390738897318,1.4663865015976802,2.0992529471122765,2.557213394239502,1.0292872666404873,13.712010682389867,1.2181540093856693
中山市,Zhongshan,2016,9,4,2,27.983699821110925,79.04603594928628,212.1933797426952,23.437215246640775,76.75283521569222,146.73850249312625,1.2943886435868985,1.3391813361696878,3.110140914719061,3.788630625019437,0.9652298069358147,13.712010682389867,1.2181540093856693
中山市,Zhongshan,2016,10,5,2,25.927196603852725,77.73944368959442,164.96812813129736,23.437215246640775,76.75283521569222,146.73850249312625,1.1305043958607404,1.1696258267525916,2.589996924801951,3.1550151382440506,0.8065948435664526,13.712010682389867,1.2181540093856693
中山市,Zhongshan,2016,11,4,1,20.5326317191786,79.17527620970428,91.5670278527998,23.437215246640775,76.75283521569222,146.73850249312625,0.7627818261933597,0.7891781114340405,0.9076957546007993,1.1057132227693143,0.37554925162129615,13.712010682389867,1.2181540093856693
中山市,Zhongshan,2016,12,4,0,18.481433118917224,63.8937200330584,5.122632539386745,23.437215246640775,76.75283521569222,146.73850249312625,0.5387054573017375,0.5573475151265963,0.33677829334737697,0.4102478283151703,0.22389328594894672,13.712010682389867,1.2181540093856693
中山市,Zhongshan,2017,1,5,0,17.56779378292894,74.85628772310736,39.19219345376021,23.437215246640775,76.75283521569222,146.73850249312625,0.5479351566826068,0.5668966109183097,0.16447628438336584,0.20035744527045465,0.1608534197864475,13.712010682389867,1.2181540093856693
中山市,Zhongshan,2017,2,4,0,16.757312595738,68.99060302370745,19.324456596906167,23.437215246640775,76.75283521569222,146.73850249312625,0.4706760483538224,0.48696392884817824,0.1376447375390905,0.16767248890408126,0.10773502596645386,13.712010682389867,1.2181540093856693
中山市,Zhongshan,2017,3,4,0,20.002795730714425,82.57458790700485,70.2784138135675,23.437215246640775,76.75283521569222,146.73850249312625,0.7327336205658014,0.7580900789785753,0.1396613656851926,0.17012905256569552,0.33521858836590396,13.712010682389867,1.2181540093856693
中山市,Zhongshan,2017,4,5,0,24.02768912701554,81.40695873766796,147.59385497668438,23.437215246640775,76.75283521569222,146.73850249312625,1.0146685036415062,1.0497814000518968,0.143982556900396,0.17539292896981765,0.653702768610501,13.712010682389867,1.2181540093856693
中山市,Zhongshan,2017,5,4,0,26.801929734279824,81.73328536377656,150.07614051727109,23.437215246640775,76.75283521569222,146.73850249312625,1.1991817144579022,1.240679743780661,0.14798090244093093,0.1802635296209296,0.8753907421698293,13.712010682389867,1.2181540093856693
中山市,Zhongshan,2017,6,4,2,29.13992569765588,85.16707422298417,294.0870727104364,23.437215246640775,76.75283521569222,146.73850249312625,1.4354675444768739,1.4851423131415198,0.15268658002773922,0.1859957696401764,1.0481469059293589,13.712010682389867,1.2181540093856693
中山市,Zhongshan,2017,7,5,2,28.84527653713036,84.83032764348172,355.8455935798182,23.437215246640775,76.75283521569222,146.73850249312625,1.4359790213375492,1.4856714898065753,3.190421198346503,3.8864243743948244,1.0275828514149263,13.712010682389867,1.2181540093856693
中山市,Zhongshan,2017,8,4,1,29.74828071742055,80.88503826413296,243.1321845595254,23.437215246640775,76.75283521569222,146.73850249312625,1.4382893599877546,1.4880617783925543,4.3511100577720985,5.300322162153393,1.0891788158822973,13.712010682389867,1.2181540093856693
中山市,Zhongshan,2017,9,4,5,29.20862949872988,82.07692965946762,206.0974638351999,23.437215246640775,76.75283521569222,146.73850249312625,1.3900169692236362,1.438118907614225,2.5597865955339847,3.118214304521416,1.052879944368257,13.712010682389867,1.2181540093856693
中山市,Zhongshan,2017,10,5,20,25.01590916873588,68.65662653569463,116.97031337918293,23.437215246640775,76.75283521569222,146.73850249312625,1.0054552079831514,1.0402492756382498,4.181748858296287,5.094014137977568,0.7336102203095337,13.712010682389867,1.2181540093856693
中山市,Zhongshan,2017,11,4,4,20.62928203619597,76.44914298066085,43.960539168971685,23.437215246640775,76.75283521569222,146.73850249312625,0.7366901558718392,0.762183531330768,6.41299796261727,7.812019180344357,0.3829803237924052,13.712010682389867,1.2181540093856693
中山市,Zhongshan,2017,12,5,2,16.82387354463018,59.96672108324384,15.790692478281048,23.437215246640775,76.75283521569222,146.73850249312625,0.4322527553124928,0.4472109866618675,0.6379559540693759,0.7771286032610701,0.11199095330458755,13.712010682389867,1.2181540093856693
中山市,Zhongshan,2018,1,4,0,14.183907096154297,68.88895806946167,54.62299199789428,23.437215246640775,76.75283521569222,146.73850249312625,0.34021212433574005,0.3519852630864629,0.13712010682389866,0.16703340789492344,0.0,13.712010682389867,1.2181540093856693
中山市,Zhongshan,2018,2,4,0,17.0697960832216,71.2015499202821,15.111755228043746,23.437215246640775,76.75283521569222,146.73850249312625,0.4949701308762478,0.512098715107769,0.17641356655980855,0.21489889341485643,0.12788374121592538,13.712010682389867,1.2181540093856693
中山市,Zhongshan,2018,3,4,0,20.757265114075253,75.38676124994875,27.38338019414337,23.437215246640775,76.75283521569222,146.73850249312625,0.7318879735361451,0.7572151680893969,0.1400948527194379,0.1706571065344781,0.3928534478575083,13.712010682389867,1.2181540093856693
中山市,Zhongshan,2018,4,5,0,23.72036070036208,79.49547567896448,95.72290237408048,23.437215246640775,76.75283521569222,146.73850249312625,0.964188020873736,0.9975540256088554,0.14339282521380706,0.17467454495133755,0.6288098918832852,13.712010682389867,1.2181540093856693
中山市,Zhongshan,2018,5,4,0,28.909090969830924,79.611881227981,125.50029427593476,23.437215246640775,76.75283521569222,146.73850249312625,1.3194099057230733,1.3650684663034318,0.15120859866343483,0.1841953607154517,1.0320721771331678,13.712010682389867,1.2181540093856693
中山市,Zhongshan,2018,6,4,1,28.63133200105553,83.82850998569367,425.0336637050507,23.437215246640775,76.75283521569222,146.73850249312625,1.4396658613934492,1.4894859140266627,0.1521995799815825,0.1854025285813796,1.0123944789056865,13.712010682389867,1.2181540093856693
中山市,Zhongshan,2018,7,5,8,29.1437083961444,84.74305961500686,267.2696469426384,23.437215246640775,76.75283521569222,146.73850249312625,1.4232694130873664,1.472522061894795,1.6809241969306956,2.0476245499645134,1.048408122402104,13.712010682389867,1.2181540093856693
中山市,Zhongshan,2018,8,4,37,28.26577577369255,87.02863783877957,383.6671657658872,23.437215246640775,76.75283521569222,146.73850249312625,1.413526400258308,1.4624418892948712,12.105212066425654,14.746012613180193,0.9859802299623046,13.712010682389867,1.2181540093856693
中山市,Zhongshan,2018,9,5,119,27.70580110315468,74.7851289743681,267.4198323236284,23.437215246640775,76.75283521569222,146.73850249312625,1.276538883780384,1.3207138802734777,49.285250335020066,60.037025299181096,0.9445001611844628,13.712010682389867,1.2181540093856693
中山市,Zhongshan,2018,10,4,117,23.8128586619948,72.34732787476078,80.67277871931763,23.437215246640775,76.75283521569222,146.73850249312625,0.9317702736367146,0.964014452872662,79.94089885465546,97.3803264536928,0.6363010124602348,13.712010682389867,1.2181540093856693
中山市,Zhongshan,2018,11,4,28,22.1419276371886,78.35972507737488,57.635679011678334,23.437215246640775,76.75283521569222,146.73850249312625,0.8427089308647631,0.8718711166302334,66.93377883910432,81.5356510561886,0.5017223078878823,13.712010682389867,1.2181540093856693
中山市,Zhongshan,2018,12,5,1,16.764401865060258,77.38851773926,14.630218218031716,23.437215246640775,76.75283521569222,146.73850249312625,0.49880092557579414,0.5160620755634928,3.660081728090493,4.458543231752663,0.10818738113338584,13.712010682389867,1.2181540093856693
中山市,Zhongshan,2019,1,4,0,17.47461519299405,72.08159705084918,3.236740112995524,23.437215246640775,76.75283521569222,146.73850249312625,0.5155467690164082,0.5333874137493607,0.9122931314947261,1.1113135358653083,0.15460660162720685,13.712010682389867,1.2181540093856693
中山市,Zhongshan,2019,2,4,1,20.255450251185625,86.57611685875929,78.1098525572831,23.437215246640775,76.75283521569222,146.73850249312625,0.7642465809123604,0.7906935544128328,0.22117764490570752,0.2694284349283675,0.35436205599791354,13.712010682389867,1.2181540093856693
中山市,Zhongshan,2019,3,5,1,21.12626540283928,84.15779707077878,200.4983119932352,23.437215246640775,76.75283521569222,146.73850249312625,0.8592919877391023,0.8890280349737191,0.5118621711617222,0.6235269560535056,0.4215188380970476,13.712010682389867,1.2181540093856693
中山市,Zhongshan,2019,4,4,3,25.11130568681225,85.98317359223145,249.69333990947632,23.437215246640775,76.75283521569222,146.73850249312625,1.1438681005852016,1.1834519863359205,1.277591446501889,1.556303142913113,0.7412938218324393,13.712010682389867,1.2181540093856693
中山市,Zhongshan,2019,5,4,3,26.4577997073265,87.33125075171179,235.9561830064313,23.437215246640775,76.75283521569222,146.73850249312625,1.2348494561868928,1.2775817780061938,3.714468806460417,4.524795069327759,0.8485132452246508,13.712010682389867,1.2181540093856693
中山市,Zhongshan,2019,6,5,26,29.30654453873484,84.81388152660267,289.3423366199401,23.437215246640775,76.75283521569222,146.73850249312625,1.4438969713642216,1.4938634427791078,6.310323867095627,7.686946319224619,1.0595833017369625,13.712010682389867,1.2181540093856693
中山市,Zhongshan,2019,7,4,16,29.37155228546265,84.93681216582873,318.2151109498318,23.437215246640775,76.75283521569222,146.73850249312625,1.4601895911685945,1.5107198733939982,43.3765823293814,52.83935767798353,1.0640059622040963,13.712010682389867,1.2181540093856693
中山市,Zhongshan,2019,8,4,32,29.64900838858685,82.95535361836578,218.2923269138855,23.437215246640775,76.75283521569222,146.73850249312625,1.430158290343742,1.4796493307368153,38.262405086303005,46.60950216461863,1.0826232249451437,13.712010682389867,1.2181540093856693
中山市,Zhongshan,2019,9,5,84,28.286914118844244,71.97251503146194,120.91172393726,23.437215246640775,76.75283521569222,146.73850249312625,1.2365550496056477,1.2793463939774534,46.62963857456519,56.802081185811254,0.9875227381435636,13.712010682389867,1.2181540093856693
中山市,Zhongshan,2019,10,4,136,25.39785760141925,70.7972578108361,49.191636240933576,23.437215246640775,76.75283521569222,146.73850249312625,1.0065960595878602,1.041429606741999,74.64147702940684,90.92481450984029,0.7643211928154453,13.712010682389867,1.2181540093856693
中山市,Zhongshan,2019,11,4,28,21.674160282090025,62.0867820594646,0.2688057728622433,23.437215246640775,76.75283521569222,146.73850249312625,0.7083410125482454,0.7328533577206597,55.01979383848579,67.02258245992441,0.46457211795779846,13.712010682389867,1.2181540093856693
中山市,Zhongshan,2019,12,5,4,18.19920014478492,62.22220349317072,16.81310728415449,23.437215246640775,76.75283521569222,146.73850249312625,0.5203582562438058,0.5383654038808983,7.696319432131902,9.375302373764313,0.20408459092032022,13.712010682389867,1.2181540093856693
珠海市,Zhuhai,2005,1,5,0,15.3918708776846,75.20121078669796,26.81493030343171,23.3164656371502,79.21910827682069,148.42239923042592,0.4560134500252056,0.4474985949805257,0.12321767199822606,0.11304524265129884,0.024985278305332894,12.310586322885772,0.9174434220192565
珠海市,Zhuhai,2005,2,4,0,16.239843668033725,83.42274181053438,63.192268258959245,23.3164656371502,79.21910827682069,148.42239923042592,0.5462436021116722,0.5360439356526947,0.1235096717464843,0.11331313589956965,0.07533123514118435,12.310586322885772,0.9174434220192565
珠海市,Zhuhai,2005,3,4,0,18.537586063721776,82.49075091509002,59.395054138703934,23.3164656371502,79.21910827682069,148.42239923042592,0.6823523011580624,0.6696111617608725,0.12463169602460718,0.11434252969287938,0.22786848291730827,12.310586322885772,0.9174434220192565
珠海市,Zhuhai,2005,4,4,0,22.821693319884574,85.51718464789545,62.18838401783943,23.3164656371502,79.21910827682069,148.42239923042592,0.9647169696815987,0.9467034107492304,0.12837150519149854,0.11777359301265117,0.5562081960255665,12.310586322885772,0.9174434220192565
珠海市,Zhuhai,2005,5,5,0,27.039756001930066,87.52042194652151,360.39256445634487,23.3164656371502,79.21910827682069,148.42239923042592,1.3781473569550686,1.352414069978484,0.13519372375391625,0.12403259255631897,0.8937987849572464,12.310586322885772,0.9174434220192565
珠海市,Zhuhai,2005,6,4,0,27.6158508504363,87.41809640271975,470.0798988418089,23.3164656371502,79.21910827682069,148.42239923042592,1.4535621115763868,1.4264206518720126,0.13648188633548458,0.12521440884327018,0.9377334160909951,12.310586322885772,0.9174434220192565
珠海市,Zhuhai,2005,7,5,1,29.033777031860257,81.67812723067007,181.7692035226048,23.3164656371502,79.21910827682069,148.42239923042592,1.4277879637704565,1.4011277686701318,0.1376886259679635,0.1263215241811779,1.0407875045504857,12.310586322885772,0.9174434220192565
珠海市,Zhuhai,2005,8,4,0,27.845664730088373,85.59352051134528,361.8404022332785,23.3164656371502,79.21910827682069,148.42239923042592,1.4290970539298078,1.4024124150045332,1.4623637636661893,1.3416360155748681,0.9549672308291727,12.310586322885772,0.9174434220192565
珠海市,Zhuhai,2005,9,4,0,27.97289543455005,81.19258824375858,190.3035661940355,23.3164656371502,79.21910827682069,148.42239923042592,1.3542862394633137,1.328998496267587,0.5076232777930975,0.46571563707513103,0.9644290184027899,12.310586322885772,0.9174434220192565
珠海市,Zhuhai,2005,10,5,0,25.52633544279358,70.97877044234613,10.604514581262848,23.3164656371502,79.21910827682069,148.42239923042592,1.0491425070631992,1.029552522670499,0.13108094374728121,0.12025934959301934,0.7746161893457725,12.310586322885772,0.9174434220192565
珠海市,Zhuhai,2005,11,4,0,22.10039923408675,75.2527505949371,13.979264926633292,23.3164656371502,79.21910827682069,148.42239923042592,0.8547459456435021,0.8387858071283334,0.12728646692275492,0.11677813179035318,0.4984113534550501,12.310586322885772,0.9174434220192565
珠海市,Zhuhai,2005,12,4,0,16.02218878108965,53.829522684081326,5.37933913693753,23.3164656371502,79.21910827682069,148.42239923042592,0.3866661279292455,0.37944615222496925,0.12334140101354565,0.11315875702251672,0.062074100187024084,12.310586322885772,0.9174434220192565
珠海市,Zhuhai,2006,1,5,0,16.74052834758942,75.14145128376356,20.754025129779563,23.3164656371502,79.21910827682069,148.42239923042592,0.532610456918243,0.5226653536856763,0.12366336391838077,0.11345413977169191,0.10666494069134735,12.310586322885772,0.9174434220192565
珠海市,Zhuhai,2006,2,4,0,17.318566253861775,75.87057893749153,62.33896038018689,23.3164656371502,79.21910827682069,148.42239923042592,0.5871291774894399,0.5761660801541566,0.12393683551508006,0.11370503448919278,0.14422443716228509,12.310586322885772,0.9174434220192565
珠海市,Zhuhai,2006,3,4,0,20.0628785086105,86.55293777225201,78.1268054517704,23.3164656371502,79.21910827682069,148.42239923042592,0.7984494198869025,0.783540471323061,0.12576798802293296,0.11538501331223648,0.3397558762446639,12.310586322885772,0.9174434220192565
珠海市,Zhuhai,2006,4,5,0,24.22080121404356,86.68756169960997,156.9221534303292,23.3164656371502,79.21910827682069,148.42239923042592,1.1040532255676554,1.083437927539055,0.1303577920456845,0.11959589882126742,0.6693441896850507,12.310586322885772,0.9174434220192565
珠海市,Zhuhai,2006,5,4,1,25.701263536015475,84.10161027134176,341.829650920518,23.3164656371502,79.21910827682069,148.42239923042592,1.2628732114378465,1.2392923667618654,0.13287891507787328,0.12190888656325025,0.7885993742180026,12.310586322885772,0.9174434220192565
珠海市,Zhuhai,2006,6,4,0,28.078030662495525,84.95817984060032,270.8021149766697,23.3164656371502,79.21910827682069,148.42239923042592,1.4108844645617613,1.3845398979708632,1.4691595981622456,1.3478708092304064,0.9722029223615156,12.310586322885772,0.9174434220192565
珠海市,Zhuhai,2006,7,5,0,28.84070507297444,83.82587541942844,379.7472033474003,23.3164656371502,79.21910827682069,148.42239923042592,1.5000208163191764,1.4720118621660605,0.5767477618404616,0.5291334402648603,1.0272605139292637,12.310586322885772,0.9174434220192565
珠海市,Zhuhai,2006,8,4,0,28.592321210521124,83.17497059252322,144.36120261204888,23.3164656371502,79.21910827682069,148.42239923042592,1.3858930497886208,1.360015132315513,0.13683661449646167,0.1255398518611636,1.0096028302439897,12.310586322885772,0.9174434220192565
珠海市,Zhuhai,2006,9,4,0,26.5216875281551,78.25238889497892,197.95035116742025,23.3164656371502,79.21910827682069,148.42239923042592,1.2429587826991477,1.2197497877438235,0.13351670986398365,0.12249402719436538,0.8535231356246364,12.310586322885772,0.9174434220192565
珠海市,Zhuhai,2006,10,5,0,25.915370598722262,74.26556491942429,28.3789095425004,23.3164656371502,79.21910827682069,148.42239923042592,1.1015837936670263,1.0810146058017893,0.1318151100249592,0.12093290561514336,0.8056548680618248,12.310586322885772,0.9174434220192565
珠海市,Zhuhai,2006,11,4,0,22.465859378786902,77.75440197327633,58.38601091452223,23.3164656371502,79.21910827682069,148.42239923042592,0.9110124146162871,0.8940016473813893,0.12782282492515784,0.11727020991150514,0.5276233785604885,12.310586322885772,0.9174434220192565
珠海市,Zhuhai,2006,12,5,0,17.66943974255686,64.84325545418437,28.13114419345421,23.3164656371502,79.21910827682069,148.42239923042592,0.548653924078099,0.5384092511787325,0.12400881761270956,0.11377107399116611,0.1677078136891252,12.310586322885772,0.9174434220192565
珠海市,Zhuhai,2007,1,4,0,15.50265464963135,60.98850933834392,20.20917946765259,23.3164656371502,79.21910827682069,148.42239923042592,0.40296337525782194,0.3954390912077667,0.12322987381440167,0.11305643712728584,0.03136022419159422,12.310586322885772,0.9174434220192565
珠海市,Zhuhai,2007,2,4,0,19.961383985479724,84.9620075469637,35.40726401291089,23.3164656371502,79.21910827682069,148.42239923042592,0.7676189256397076,0.7532856556867846,0.12560750161641884,0.1152377761142566,0.3320969102060407,12.310586322885772,0.9174434220192565
珠海市,Zhuhai,2007,3,4,0,20.127181099923327,86.2998601915927,46.38385570186803,23.3164656371502,79.21910827682069,148.42239923042592,0.787420955045948,0.7727179341350756,0.12576882235179673,0.11538577876176435,0.3446224042825839,12.310586322885772,0.9174434220192565
珠海市,Zhuhai,2007,4,5,0,21.9849776521645,83.36842748166899,158.0599578649777,23.3164656371502,79.21910827682069,148.42239923042592,0.9439788245385928,0.9263524960701033,0.12763777893368092,0.1171004406838536,0.4892215138458751,12.310586322885772,0.9174434220192565
珠海市,Zhuhai,2007,5,4,0,26.61980774021988,84.99317304575935,196.64966261040888,23.3164656371502,79.21910827682069,148.42239923042592,1.278557789828084,1.2546840767917016,0.13391120333719408,0.12285595263639183,0.8612000668699197,12.310586322885772,0.9174434220192565
珠海市,Zhuhai,2007,6,4,0,28.197654979430425,86.51862792017374,263.944930899362,23.3164656371502,79.21910827682069,148.42239923042592,1.4234365844915406,1.3968576399854744,0.1368089977671977,0.12551451507456268,0.980997214467931,12.310586322885772,0.9174434220192565
珠海市,Zhuhai,2007,7,5,0,29.2882973621586,81.59486166150143,104.04018014113558,23.3164656371502,79.21910827682069,148.42239923042592,1.407228292559088,1.3809519953901104,0.13772100125217146,0.1263512266727105,1.0583378764867977,12.310586322885772,0.9174434220192565
珠海市,Zhuhai,2007,8,4,36,28.0417111768636,85.06002805892246,347.1778564957394,23.3164656371502,79.21910827682069,148.42239923042592,1.4361284121398339,1.4093124810434132,0.13676945853156966,0.12547824006292407,0.9695220532351934,12.310586322885772,0.9174434220192565
珠海市,Zhuhai,2007,9,5,82,27.65090113537758,77.17125570265702,145.19100996631133,23.3164656371502,79.21910827682069,148.42239923042592,1.2927070080897336,1.2685690955160638,43.068535025859646,39.51294415548088,0.9403733640267838,12.310586322885772,0.9174434220192565
珠海市,Zhuhai,2007,10,4,11,24.41447025225288,69.44325435948532,31.48145896568153,23.3164656371502,79.21910827682069,148.42239923042592,0.9824627380163452,0.9641178234079141,61.41228011681297,56.342292424374044,0.6850238342684224,12.310586322885772,0.9174434220192565
珠海市,Zhuhai,2007,11,4,0,20.641667241184475,61.20056356775822,8.098322926195411,23.3164656371502,79.21910827682069,148.42239923042592,0.6939852076301799,0.6810268542180241,9.431418639442054,8.652792991065919,0.38393414060920683,12.310586322885772,0.9174434220192565
珠海市,Zhuhai,2007,12,5,0,18.206287524017803,67.29342313982406,8.436324694967475,23.3164656371502,79.21910827682069,148.42239923042592,0.5822209314065869,0.5713494826924501,0.5088290098967753,0.46682182806236766,0.20457846827788093,12.310586322885772,0.9174434220192565
珠海市,Zhuhai,2008,1,4,0,14.7473195581024,79.06367900135457,44.91688844500704,23.3164656371502,79.21910827682069,148.42239923042592,0.43729516039579186,0.42912982031140534,0.12310586322885772,0.11294266443131779,0.0,12.310586322885772,0.9174434220192565
珠海市,Zhuhai,2008,2,4,0,14.01180865303275,67.11793112227693,30.3469981218199,23.3164656371502,79.21910827682069,148.42239923042592,0.3489735736429162,0.34245740752143644,0.12310586322885772,0.11294266443131779,0.0,12.310586322885772,0.9174434220192565
珠海市,Zhuhai,2008,3,5,0,20.35960773623528,80.20725637148601,50.63812404628516,23.3164656371502,79.21910827682069,148.42239923042592,0.7838593433125741,0.769222826158627,0.12589276943193362,0.11549949319511443,0.3623015475233933,12.310586322885772,0.9174434220192565
珠海市,Zhuhai,2008,4,4,0,23.908117343501925,86.23507055037132,140.00467121137677,23.3164656371502,79.21910827682069,148.42239923042592,1.0743415793731623,1.0542810684028625,0.12989561130874014,0.11917187414437379,0.6440168834832859,12.310586322885772,0.9174434220192565
珠海市,Zhuhai,2008,5,4,0,25.593423698346427,83.8236910757728,129.99967968830788,23.3164656371502,79.21910827682069,148.42239923042592,1.1745184370533748,1.1525873860322686,0.13209585851156924,0.12119047646742562,0.7799838339077417,12.310586322885772,0.9174434220192565
珠海市,Zhuhai,2008,6,5,0,27.15677190448952,87.47750154605076,717.4923885535765,23.3164656371502,79.21910827682069,148.42239923042592,1.4833462399368156,1.4556486397598147,0.13624747545161292,0.1249993501198124,0.9028011199820583,12.310586322885772,0.9174434220192565
珠海市,Zhuhai,2008,7,4,0,28.40153412143335,83.78535944203078,185.17967560600437,23.3164656371502,79.21910827682069,148.42239923042592,1.3939020544814078,1.3678745898534792,0.13672791365429746,0.1254401249885521,0.9958552141025492,12.310586322885772,0.9174434220192565
珠海市,Zhuhai,2008,8,5,0,28.173465768632457,83.41556906254365,430.9611264841138,23.3164656371502,79.21910827682069,148.42239923042592,1.4655655807069876,1.4381999877019955,0.1371890538318058,0.1258631950110359,0.9792233850210694,12.310586322885772,0.9174434220192565
珠海市,Zhuhai,2008,9,4,0,28.32703009334625,76.56883801294978,123.08790973978611,23.3164656371502,79.21910827682069,148.42239923042592,1.325741669158145,1.3009869209397544,0.1359914248420342,0.12476443817235039,0.9904451309832322,12.310586322885772,0.9174434220192565
珠海市,Zhuhai,2008,10,4,0,26.172627436059976,78.71208252547177,74.47206550218004,23.3164656371502,79.21910827682069,148.42239923042592,1.1649608421397994,1.1432082541338968,0.1325493262261857,0.1216065074392986,0.8260492314659175,12.310586322885772,0.9174434220192565
珠海市,Zhuhai,2008,11,5,0,20.65006971545772,60.216258212967055,25.361543080656908,23.3164656371502,79.21910827682069,148.42239923042592,0.6972948868257016,0.6842747338359397,0.12573745683618262,0.11535700267578594,0.3845814374253712,12.310586322885772,0.9174434220192565
珠海市,Zhuhai,2008,12,4,0,17.03140047142615,57.80143088723485,15.561903421281404,23.3164656371502,79.21910827682069,148.42239923042592,0.4703773918195252,0.46159432783881044,0.12368463391504197,0.11347365379021511,0.1253851382650348,12.310586322885772,0.9174434220192565
珠海市,Zhuhai,2009,1,4,1,14.9299490596447,61.683542413713454,8.045078697228064,23.3164656371502,79.21910827682069,148.42239923042592,0.369099707672378,0.3622077387892446,0.12310586322885772,0.11294266443131779,0.0,12.310586322885772,0.9174434220192565
珠海市,Zhuhai,2009,2,4,0,20.562757488239495,84.11097748871865,8.615717887282447,23.3164656371502,79.21910827682069,148.42239923042592,0.7886750098176637,0.7739485727233462,0.4155525215546274,0.38124592740380825,0.37786316640744944,12.310586322885772,0.9174434220192565
珠海市,Zhuhai,2009,3,5,0,19.9609176595308,83.95675096198975,149.00282460155057,23.3164656371502,79.21910827682069,148.42239923042592,0.8116072578398827,0.7964526211656031,0.20244730675325073,0.1857339498862845,0.33206178419953114,12.310586322885772,0.9174434220192565
珠海市,Zhuhai,2009,4,4,0,22.60336080527765,80.23517156042632,133.08451457287543,23.3164656371502,79.21910827682069,148.42239923042592,0.9628422938486618,0.9448637395701526,0.12819541176611465,0.1176120372578719,0.5386542338445879,12.310586322885772,0.9174434220192565
珠海市,Zhuhai,2009,5,5,0,25.83557380024922,81.74582626828884,237.9018008608612,23.3164656371502,79.21910827682069,148.42239923042592,1.2267178222547184,1.2038120846352536,0.13272801158003314,0.12177044114179711,0.7993065092124301,12.310586322885772,0.9174434220192565
珠海市,Zhuhai,2009,6,4,0,28.07737170930535,85.54214278377125,214.8504315430436,23.3164656371502,79.21910827682069,148.42239923042592,1.3910849007614967,1.3651100390898239,0.13637683954244778,0.12511803435399435,0.9721543270195545,12.310586322885772,0.9174434220192565
珠海市,Zhuhai,2009,7,4,0,28.776540253483425,83.54835737625358,255.45991028954973,23.3164656371502,79.21910827682069,148.42239923042592,1.4490272438427931,1.4219704608982737,0.1376487238995574,0.12628491629099375,1.0227259335269745,12.310586322885772,0.9174434220192565
珠海市,Zhuhai,2009,8,5,0,29.06164987196262,82.23791817596343,278.4093136321912,23.3164656371502,79.21910827682069,148.42239923042592,1.472569966759767,1.4450735852179166,0.13817401238167418,0.12676683875357428,1.0427253883091478,12.310586322885772,0.9174434220192565
珠海市,Zhuhai,2009,9,4,0,28.356852306469424,79.79080011117216,233.7740653844172,23.3164656371502,79.21910827682069,148.42239923042592,1.3928921343769463,1.3668835273579232,0.13667373225911755,0.12539041662394845,0.9926133981938775,12.310586322885772,0.9174434220192565
珠海市,Zhuhai,2009,10,4,0,25.8046143438386,71.92482882097663,36.527969679853406,23.3164656371502,79.21910827682069,148.42239923042592,1.087365537813759,1.0670618385817456,0.1316086475371786,0.12074348796383534,0.7968408203616506,12.310586322885772,0.9174434220192565
珠海市,Zhuhai,2009,11,5,0,19.34183611648812,70.08366496403252,47.192577501052,23.3164656371502,79.21910827682069,148.42239923042592,0.6799193574712439,0.6672236469157339,0.1250139315715634,0.11469320918109631,0.2859713308312424,12.310586322885772,0.9174434220192565
珠海市,Zhuhai,2009,12,4,0,17.087393953295074,79.49214342301723,71.4139139062319,23.3164656371502,79.21910827682069,148.42239923042592,0.5889308464349982,0.5779341076579786,0.12385157762658695,0.11362681520021953,0.12903104140213706,12.310586322885772,0.9174434220192565
珠海市,Zhuhai,2010,1,5,1,17.28072796258722,82.40542516492364,46.09178822508548,23.3164656371502,79.21910827682069,148.42239923042592,0.5994880708940655,0.5882942036421334,0.12393960666404913,0.11370757686158589,0.14172219104483785,12.310586322885772,0.9174434220192565
珠海市,Zhuhai,2010,2,4,0,18.83607667880685,89.69266152503528,138.8678814865467,23.3164656371502,79.21910827682069,148.42239923042592,0.7534542743956707,0.7393854921505001,0.307348139712232,0.2819745290488427,0.2491829748342861,12.310586322885772,0.9174434220192565
珠海市,Zhuhai,2010,3,4,0,19.42614921826757,79.77762990510995,34.56091444526408,23.3164656371502,79.21910827682069,148.42239923042592,0.7169741887312802,0.7035865763977265,0.18477854326812776,0.16952385905164438,0.29218237957782106,12.310586322885772,0.9174434220192565
珠海市,Zhuhai,2010,4,4,0,21.7044711464338,87.14574175242242,151.8900631079168,23.3164656371502,79.21910827682069,148.42239923042592,0.9361490804075606,0.9186689518731058,0.12739576496335508,0.11687840655874139,0.46696927394253873,12.310586322885772,0.9174434220192565
珠海市,Zhuhai,2010,5,5,0,25.81857251719392,87.3506117552578,262.6767815652433,23.3164656371502,79.21910827682069,148.42239923042592,1.2571221381542916,1.2336486796866737,0.13294979574584437,0.12197391556582865,0.7979526650558937,12.310586322885772,0.9174434220192565
珠海市,Zhuhai,2010,6,4,0,27.762307726850626,87.5420332628378,261.60573743487794,23.3164656371502,79.21910827682069,148.42239923042592,1.3953929515496344,1.3693376483296167,0.13609727756113876,0.12486155205319573,0.9487371027977352,12.310586322885772,0.9174434220192565
珠海市,Zhuhai,2010,7,4,0,28.796256088665725,84.77052282390869,195.00770630416423,23.3164656371502,79.21910827682069,148.42239923042592,1.430632102234538,1.4039188003086422,0.1374836946900516,0.12613351132829162,1.0241212994678182,12.310586322885772,0.9174434220192565
珠海市,Zhuhai,2010,8,5,0,28.55957026148384,82.2809058117101,253.0606225875245,23.3164656371502,79.21910827682069,148.42239923042592,1.4267264914893354,1.4000861165995928,0.137208286515516,0.1258808399101936,1.0072539909837137,12.310586322885772,0.9174434220192565
珠海市,Zhuhai,2010,9,4,0,27.8894306031708,83.9152319093655,425.9439219735743,23.3164656371502,79.21910827682069,148.42239923042592,1.4454668332402993,1.4184765316247367,0.1366981100816888,0.1254127818969096,0.9582285324990465,12.310586322885772,0.9174434220192565
珠海市,Zhuhai,2010,10,5,0,23.73718377192342,69.40601114635834,74.05806927494413,23.3164656371502,79.21910827682069,148.42239923042592,0.961067187142329,0.9431217783254118,0.1290491547627483,0.11839529815422845,0.6301722291307247,12.310586322885772,0.9174434220192565
珠海市,Zhuhai,2010,11,4,0,21.199083671015675,67.7117363692946,0.5962456860337888,23.3164656371502,79.21910827682069,148.42239923042592,0.7579079187116367,0.7437559763408844,0.1262832533845334,0.11585774012883117,0.4272086889718501,12.310586322885772,0.9174434220192565
珠海市,Zhuhai,2010,12,4,1,17.059262940895223,63.63882603201103,31.157179409752207,23.3164656371502,79.21910827682069,148.42239923042592,0.5088911055005413,0.49938889893925564,0.1237410742428268,0.11352543459767792,0.12719766404866462,12.310586322885772,0.9174434220192565
珠海市,Zhuhai,2011,1,5,0,13.06210546417966,66.07798306115178,14.379250196603506,23.3164656371502,79.21910827682069,148.42239923042592,0.285283731293884,0.27995680591824307,0.12310586322885772,0.11294266443131779,0.0,12.310586322885772,0.9174434220192565
珠海市,Zhuhai,2011,2,4,0,16.990786223780873,79.6078904080096,37.90138839606142,23.3164656371502,79.21910827682069,148.42239923042592,0.569828286622608,0.5591882380435987,0.1436978141981015,0.13183461439459354,0.12274907069628706,12.310586322885772,0.9174434220192565
珠海市,Zhuhai,2011,3,4,0,18.08760943962417,72.26968403018844,30.30256836228733,23.3164656371502,79.21910827682069,148.42239923042592,0.6062472128929852,0.5949271363936196,0.12427390216260206,0.11401427406774392,0.19633310741628893,12.310586322885772,0.9174434220192565
珠海市,Zhuhai,2011,4,4,0,22.77739611728395,80.68438235093069,43.790229326441846,23.3164656371502,79.21910827682069,148.42239923042592,0.9350916681397404,0.9176312840057688,0.12817708966398397,0.11759522776579454,0.5526431501973907,12.310586322885772,0.9174434220192565
珠海市,Zhuhai,2011,5,5,0,25.96595764245718,83.18324050329457,149.8925318924969,23.3164656371502,79.21910827682069,148.42239923042592,1.2062036079990024,1.1836809195214724,0.1326898213083719,0.12173540372827638,0.8096741209099393,12.310586322885772,0.9174434220192565
珠海市,Zhuhai,2011,6,4,0,28.231077054406125,85.65909377648481,278.6753599007392,23.3164656371502,79.21910827682069,148.42239923042592,1.4278658034391642,1.4012041548872018,0.13688592597173443,0.12558509234978266,0.983444324998166,12.310586322885772,0.9174434220192565
珠海市,Zhuhai,2011,7,5,0,28.662931261122218,83.66208872331337,241.14777842060687,23.3164656371502,79.21910827682069,148.42239923042592,1.4356393144925472,1.4088325160117745,0.13740059384526299,0.12605727100487607,1.0146508157599765,12.310586322885772,0.9174434220192565
珠海市,Zhuhai,2011,8,4,0,29.0825613086602,79.16296266526437,102.38851693875009,23.3164656371502,79.21910827682069,148.42239923042592,1.380412051331608,1.3546364771278907,0.1372506623412571,0.1259197173327724,1.0441767478747708,12.310586322885772,0.9174434220192565
珠海市,Zhuhai,2011,9,4,0,27.5624553221887,77.75576051632942,145.6885555278373,23.3164656371502,79.21910827682069,148.42239923042592,1.2897036553566357,1.265621822517388,0.13492302478252302,0.12378424156566688,0.9337039977835037,12.310586322885772,0.9174434220192565
珠海市,Zhuhai,2011,10,5,0,24.7180165184654,75.04053576145992,106.52501457033463,23.3164656371502,79.21910827682069,148.42239923042592,1.0674657923739685,1.0475336686905194,0.13053886486392094,0.11976202288726492,0.709571621154183,12.310586322885772,0.9174434220192565
珠海市,Zhuhai,2011,11,4,0,21.626596123061677,73.9857662154771,81.57349242338339,23.3164656371502,79.21910827682069,148.42239923042592,0.8528275468556252,0.8369032294058127,0.12696242642205346,0.1164808429645168,0.46081351555231037,12.310586322885772,0.9174434220192565
珠海市,Zhuhai,2011,12,4,0,16.270017616559524,56.02082955403682,1.6804466394430797,23.3164656371502,79.21910827682069,148.42239923042592,0.4117035905743322,0.4040161059290418,0.12341771033771222,0.11322876651001207,0.07718680128788359,12.310586322885772,0.9174434220192565
珠海市,Zhuhai,2012,1,5,0,14.51388569408572,79.73584995435486,63.90635234581147,23.3164656371502,79.21910827682069,148.42239923042592,0.4324461966647507,0.42437139825908976,0.12310586322885772,0.11294266443131779,0.0,12.310586322885772,0.9174434220192565
珠海市,Zhuhai,2012,2,4,0,16.605762222689325,84.7529637237673,77.45714607001601,23.3164656371502,79.21910827682069,148.42239923042592,0.5777379870746426,0.5669502455870312,0.12366214677392179,0.11345302311051438,0.09811858260826524,12.310586322885772,0.9174434220192565
珠海市,Zhuhai,2012,3,4,0,19.44090142434945,82.6586345029494,72.75505926212645,23.3164656371502,79.21910827682069,148.42239923042592,0.7446611500433221,0.7307565563308493,0.12524896274611588,0.11490883698615893,0.2932713362188264,12.310586322885772,0.9174434220192565
珠海市,Zhuhai,2012,4,5,1,24.38601547936766,88.37702453418117,388.8234935367432,23.3164656371502,79.21910827682069,148.42239923042592,1.2009684567421046,1.1785435209823663,0.13115202450933164,0.12032456217059462,0.6827207597532845,12.310586322885772,0.9174434220192565
珠海市,Zhuhai,2012,5,4,0,27.220796050982877,84.15255476022051,221.87427245286105,23.3164656371502,79.21910827682069,148.42239923042592,1.3274348860041736,1.3026485214025332,1.305533654205708,1.1977532632757897,0.90771053860619,12.310586322885772,0.9174434220192565
珠海市,Zhuhai,2012,6,4,0,27.920908140662227,86.06557043192028,303.0489957177436,23.3164656371502,79.21910827682069,148.42239923042592,1.4161813101633918,1.38973783887464,0.5235879706035999,0.48036233947868456,0.9605699151120431,12.310586322885772,0.9174434220192565
珠海市,Zhuhai,2012,7,5,0,28.58140586313214,83.94251544456674,265.13632277956424,23.3164656371502,79.21910827682069,148.42239923042592,1.4405116644597449,1.413613887623629,0.13736669021637826,0.1260261663435732,1.0088205211038108,12.310586322885772,0.9174434220192565
珠海市,Zhuhai,2012,8,4,2,28.65586435930417,82.17842778017985,134.0110233713396,23.3164656371502,79.21910827682069,148.42239923042592,1.3808759118081668,1.355091676226767,0.13684847927102467,0.12555073712054016,1.014146591205774,12.310586322885772,0.9174434220192565
珠海市,Zhuhai,2012,9,5,4,27.11200780470636,74.55437056043796,89.9680411139805,23.3164656371502,79.21910827682069,148.42239923042592,1.2160775216226267,1.1933704637076947,2.2696493413675185,2.082274858527968,0.8993617419814226,12.310586322885772,0.9174434220192565
珠海市,Zhuhai,2012,10,4,0,24.85956613615835,72.38924058568092,68.5881237904453,23.3164656371502,79.21910827682069,148.42239923042592,1.0456378306855285,1.0261132869313285,3.5263217036405115,3.2352006509287254,0.721001803550162,12.310586322885772,0.9174434220192565
珠海市,Zhuhai,2012,11,4,0,21.675928122080748,82.70959194995028,101.47137344845294,23.3164656371502,79.21910827682069,148.42239923042592,0.8988106496153812,0.8820277183363443,0.6149723823650692,0.5642023669243438,0.46471188764902255,12.310586322885772,0.9174434220192565
珠海市,Zhuhai,2012,12,5,0,16.56980561820452,75.952794283163,54.75538691452934,23.3164656371502,79.21910827682069,148.42239923042592,0.5394999682219224,0.5294262214371177,0.12361332981658064,0.11340823631411874,0.09585218245243102,12.310586322885772,0.9174434220192565
珠海市,Zhuhai,2013,1,4,0,16.550178251174952,74.18502518714897,6.035844651750934,23.3164656371502,79.21910827682069,148.42239923042592,0.5113782077992491,0.5018295611262659,0.12358068188790144,0.11337828368670946,0.09461751475502592,12.310586322885772,0.9174434220192565
珠海市,Zhuhai,2013,2,4,0,18.664837921607475,82.29351827340133,17.483436199469992,23.3164656371502,79.21910827682069,148.42239923042592,0.6704137660349161,0.6578955474660785,0.12466453483738599,0.11437265744565023,0.23691779257840762,12.310586322885772,0.9174434220192565
珠海市,Zhuhai,2013,3,5,0,20.654709379401417,82.68860810154258,270.4446130482529,23.3164656371502,79.21910827682069,148.42239923042592,0.8920188148973692,0.8753627033165411,0.1264754750522863,0.11603409263348065,0.3849389299614797,12.310586322885772,0.9174434220192565
珠海市,Zhuhai,2013,4,4,1,22.084277111559576,85.54220340885837,116.8808502244447,23.3164656371502,79.21910827682069,148.42239923042592,0.9416297414127127,0.9240472759098959,0.12769954807917647,0.11715711038007223,0.49712660489101185,12.310586322885772,0.9174434220192565
珠海市,Zhuhai,2013,5,4,0,26.551205309922324,90.24423588902238,230.3487819313346,23.3164656371502,79.21910827682069,148.42239923042592,1.307324645829194,1.2829137872131646,1.2210681922672644,1.1202609808325465,0.8558348503085913,12.310586322885772,0.9174434220192565
珠海市,Zhuhai,2013,6,5,0,28.213974470621785,84.38755013992844,321.7068156588943,23.3164656371502,79.21910827682069,148.42239923042592,1.4368650206563864,1.4100353353280615,0.5385837664878631,0.4941201337706453,0.9821926511327215,12.310586322885772,0.9174434220192565
珠海市,Zhuhai,2013,7,4,0,27.852251699270028,85.20928871615132,278.2550783381663,23.3164656371502,79.21910827682069,148.42239923042592,1.3985447428541882,1.3724305881987842,0.1362188680259246,0.12497310442529375,0.9554585062313969,12.310586322885772,0.9174434220192565
珠海市,Zhuhai,2013,8,4,23,28.4602802659706,84.91732588676285,441.6916661339403,23.3164656371502,79.21910827682069,148.42239923042592,1.49671525845399,1.4687680269234467,0.13779508280774486,0.12641919230856427,1.000104802775146,12.310586322885772,0.9174434220192565
珠海市,Zhuhai,2013,9,5,6,27.39299117455338,78.22096830538358,214.6896145585251,23.3164656371502,79.21910827682069,148.42239923042592,1.3098702033758265,1.2854118131496741,27.347713795452886,25.089980128903527,0.9208555527807668,12.310586322885772,0.9174434220192565
珠海市,Zhuhai,2013,10,4,0,24.875012214174625,65.09917294566026,22.51415495831627,23.3164656371502,79.21910827682069,148.42239923042592,0.9820844110623599,0.9637465607174335,9.102335232048612,8.350877583657121,0.7222482761841506,12.310586322885772,0.9174434220192565
珠海市,Zhuhai,2013,11,4,0,21.071497213782425,68.64214054480047,59.873937026707495,23.3164656371502,79.21910827682069,148.42239923042592,0.7841768178072915,0.769534372649899,0.7010595629111525,0.643182484436532,0.4172463246920672,12.310586322885772,0.9174434220192565
珠海市,Zhuhai,2013,12,5,0,15.28439919567024,57.984722663075694,100.46346186092734,23.3164656371502,79.21910827682069,148.42239923042592,0.4040217577923559,0.39647771122463177,0.12318064238455982,0.11301127007582083,0.018860872524491177,12.310586322885772,0.9174434220192565
珠海市,Zhuhai,2014,1,4,1,15.676375277074053,65.8679106917528,1.7020234450380722,23.3164656371502,79.21910827682069,148.42239923042592,0.4269129268194716,0.4189414477142678,0.12327964683507671,0.11310210105769819,0.041481597766738244,12.310586322885772,0.9174434220192565
珠海市,Zhuhai,2014,2,4,0,15.49928121519481,81.68367664779717,66.86135624238408,23.3164656371502,79.21910827682069,148.42239923042592,0.4979822578599685,0.48868374541419385,0.13833578169052455,0.12691525294186365,0.031165183218358098,12.310586322885772,0.9174434220192565
珠海市,Zhuhai,2014,3,5,0,19.47455600767962,85.16684602241318,232.5602623633686,23.3164656371502,79.21910827682069,148.42239923042592,0.8118987351620855,0.796738655913366,0.1937984240505655,0.1777990893428898,0.2957580477070706,12.310586322885772,0.9174434220192565
珠海市,Zhuhai,2014,4,4,0,23.57889352245093,86.86190652762865,117.44089081190904,23.3164656371502,79.21910827682069,148.42239923042592,1.0448413719079326,1.0253316999322732,0.12943581455389944,0.11875003663617939,0.6173564443057616,12.310586322885772,0.9174434220192565
珠海市,Zhuhai,2014,5,4,0,26.46108149751915,89.62211619459325,348.0057948027074,23.3164656371502,79.21910827682069,148.42239923042592,1.3405160296468266,1.3154854089998225,0.13427131933111308,0.12318633868617673,0.8487708055039981,12.310586322885772,0.9174434220192565
珠海市,Zhuhai,2014,6,5,0,28.8682977200366,83.76801345595726,198.4038117077153,23.3164656371502,79.21910827682069,148.42239923042592,1.4328777891292102,1.4061225548910485,0.13757774127289146,0.12621979374708145,1.0292046019527141,12.310586322885772,0.9174434220192565
珠海市,Zhuhai,2014,7,4,0,29.269865157175825,82.08671224739204,194.52607518771032,23.3164656371502,79.21910827682069,148.42239923042592,1.452249435340485,1.425132486421634,0.13817062591344093,0.1267637318605698,1.057078049101899,12.310586322885772,0.9174434220192565
珠海市,Zhuhai,2014,8,5,3,28.67850673260444,83.12173999967506,217.82668861090585,23.3164656371502,79.21910827682069,148.42239923042592,1.424740444664943,1.398137153990196,0.1373075999213405,0.12597195434108563,1.0157613401483472,12.310586322885772,0.9174434220192565
珠海市,Zhuhai,2014,9,4,219,28.1934344880721,79.85772853413475,145.27754597736077,23.3164656371502,79.21910827682069,148.42239923042592,1.3432617609720472,1.3181798709946655,4.001274950687439,3.6709433831986162,0.9806878845581251,12.310586322885772,0.9174434220192565
珠海市,Zhuhai,2014,10,4,260,25.5027497960739,69.05732870288585,9.66838357178294,23.3164656371502,79.21910827682069,148.42239923042592,1.0368061856914954,1.017446549741936,173.010509159271,158.72735356837552,0.7727277675489386,12.310586322885772,0.9174434220192565
珠海市,Zhuhai,2014,11,5,24,21.17825580430172,76.50598671112574,68.5293106819099,23.3164656371502,79.21910827682069,148.42239923042592,0.8293435242588624,0.8138577093318732,112.93311587882,103.60974429116186,0.42558018350068555,12.310586322885772,0.9174434220192565
珠海市,Zhuhai,2014,12,4,0,15.2401318377169,60.02713491518345,27.00014727476185,23.3164656371502,79.21910827682069,148.42239923042592,0.3862432900636649,0.3790312097474142,0.7554307368386061,0.6930649603037392,0.016355548850168346,12.310586322885772,0.9174434220192565
珠海市,Zhuhai,2015,1,4,0,16.129332408223526,70.37810556489248,43.568738549985184,23.3164656371502,79.21910827682069,148.42239923042592,0.4888048837965921,0.47967773473897213,0.3599313906381067,0.3302166867191744,0.06857194316157886,12.310586322885772,0.9174434220192565
珠海市,Zhuhai,2015,2,4,0,17.76180091599765,78.77646999124002,29.275275343410502,23.3164656371502,79.21910827682069,148.42239923042592,0.6097732480581712,0.5983873321009731,0.12414688821877666,0.11389774596047658,0.17397176278178267,12.310586322885772,0.9174434220192565
珠海市,Zhuhai,2015,3,5,0,20.90068325287374,86.65380641414224,48.21004366777859,23.3164656371502,79.21910827682069,148.42239923042592,0.838277360833018,0.8226247299416803,0.12642894215015138,0.1159914013285095,0.4039604938121977,12.310586322885772,0.9174434220192565
珠海市,Zhuhai,2015,4,4,0,23.09796371035375,78.8208546497752,52.85503681792983,23.3164656371502,79.21910827682069,148.42239923042592,0.9529750533958331,0.935180743950765,0.12851567846593906,0.1179058638349176,0.578478039894943,12.310586322885772,0.9174434220192565
珠海市,Zhuhai,2015,5,5,0,27.45279913867684,88.52982285288923,432.92692891705633,23.3164656371502,79.21910827682069,148.42239923042592,1.4350188454297426,1.4082236325812119,0.1361375692418416,0.12489851739061864,0.925400320764205,12.310586322885772,0.9174434220192565
珠海市,Zhuhai,2015,6,4,1,29.43789333632305,84.38825161883572,99.51729332629652,23.3164656371502,79.21910827682069,148.42239923042592,1.427870764430355,1.401209023244895,0.13807772556587686,0.12667850104779385,1.0684959980023232,12.310586322885772,0.9174434220192565
珠海市,Zhuhai,2015,7,4,0,28.4171699380435,82.16836538891303,253.2529945971211,23.3164656371502,79.21910827682069,148.42239923042592,1.4160852690312289,1.3896435910587022,1.508563418172796,1.3840215847015167,0.9969876908426751,12.310586322885772,0.9174434220192565
珠海市,Zhuhai,2015,8,5,0,28.83585349997812,82.14644766595441,292.9254154896939,23.3164656371502,79.21910827682069,148.42239923042592,1.4612958774188685,1.4340100099232447,0.5648892077683576,0.5182538878367488,1.0269183187527546,12.310586322885772,0.9174434220192565
珠海市,Zhuhai,2015,9,4,0,28.020706025019827,79.48802588350762,103.7387232136455,23.3164656371502,79.21910827682069,148.42239923042592,1.3090965180215723,1.2846525743400148,0.13554090615912814,0.12435111277022146,0.9679693310589346,12.310586322885772,0.9174434220192565
珠海市,Zhuhai,2015,10,4,1,25.36889596797195,76.2805577869446,138.3333926538087,23.3164656371502,79.21910827682069,148.42239923042592,1.1305991326627463,1.109488159449715,0.13156013848598785,0.12069898365391199,0.7619977901632863,12.310586322885772,0.9174434220192565
珠海市,Zhuhai,2015,11,5,0,22.82962812863978,79.17275479242899,34.91058089590654,23.3164656371502,79.21910827682069,148.42239923042592,0.9279315733013549,0.9106048851573845,0.6301734346293849,0.5781484723320112,0.5568469702563567,12.310586322885772,0.9174434220192565
珠海市,Zhuhai,2015,12,4,0,16.9878641110444,76.51687609530134,94.1973560540334,23.3164656371502,79.21910827682069,148.42239923042592,0.5815060747748195,0.5706479741331943,0.14408739417903746,0.13219203198545362,0.12255968595496124,12.310586322885772,0.9174434220192565
珠海市,Zhuhai,2016,1,5,1,14.881540624710118,81.05769965972209,248.17914105071512,23.3164656371502,79.21910827682069,148.42239923042592,0.5128099447166401,0.5032345641122059,0.12310586322885772,0.11294266443131779,0.0,12.310586322885772,0.9174434220192565
珠海市,Zhuhai,2016,2,4,1,16.120020424785928,74.7710779917316,39.58887222677671,23.3164656371502,79.21910827682069,148.42239923042592,0.50264307640276,0.49325753539614076,0.1566498576195462,0.14371738143330579,0.06800503182125524,12.310586322885772,0.9174434220192565
珠海市,Zhuhai,2016,3,4,0,18.33629558977845,84.91098592089284,151.06401197559094,23.3164656371502,79.21910827682069,148.42239923042592,0.7120675049651781,0.6987715120806037,0.31720494389611137,0.2910175892094747,0.213670681399264,12.310586322885772,0.9174434220192565
珠海市,Zhuhai,2016,4,4,0,23.7772753069153,91.61453415155896,222.4795424417956,23.3164656371502,79.21910827682069,148.42239923042592,1.115987230781388,1.0951490965086117,0.331212357264118,0.303868598463457,0.6334190619910838,12.310586322885772,0.9174434220192565
珠海市,Zhuhai,2016,5,5,4,26.81489081265312,86.81861914473242,196.2146130323307,23.3164656371502,79.21910827682069,148.42239923042592,1.2992681146100593,1.2750076905820669,0.13428000039683693,0.1231943030728212,0.8763976288549286,12.310586322885772,0.9174434220192565
珠海市,Zhuhai,2016,6,4,0,28.649039284459075,85.8350730173326,308.7079212234532,23.3164656371502,79.21910827682069,148.42239923042592,1.470076745809025,1.4426269186286498,5.972435266621464,5.4793714487976874,1.013659409764954,12.310586322885772,0.9174434220192565
珠海市,Zhuhai,2016,7,5,1,29.23343020101434,83.4314238487691,416.2778543502554,23.3164656371502,79.21910827682069,148.42239923042592,1.5391841027438897,1.5104438769430597,2.034571142654868,1.866603911458911,1.0545825350881655,12.310586322885772,0.9174434220192565
珠海市,Zhuhai,2016,8,4,0,28.46259346487395,85.2865422173353,315.1314028822373,23.3164656371502,79.21910827682069,148.42239923042592,1.45647407331558,1.429278240363874,1.5527726365578376,1.4245810413014859,1.000271838578475,12.310586322885772,0.9174434220192565
珠海市,Zhuhai,2016,9,4,1,27.70378772899917,80.06744237234986,230.7422974314068,23.3164656371502,79.21910827682069,148.42239923042592,1.3468373610740192,1.3216887061436207,0.4975464839125646,0.45647074881439226,0.9443489957032252,12.310586322885772,0.9174434220192565
珠海市,Zhuhai,2016,10,5,0,25.820989664895897,79.43692037552704,170.0962422545949,23.3164656371502,79.21910827682069,148.42239923042592,1.1890161089448652,1.1668143519289367,1.0543931071831225,0.9673460204076006,0.7981451740070674,12.310586322885772,0.9174434220192565
珠海市,Zhuhai,2016,11,4,0,21.05316029508148,81.26792334800575,130.3283867815669,23.3164656371502,79.21910827682069,148.42239923042592,0.8653480600435465,0.8491899548515648,0.22903819978875883,0.21012958978732907,0.41581719910326265,12.310586322885772,0.9174434220192565
珠海市,Zhuhai,2016,12,4,0,18.7647166857205,67.86369923053215,9.853792454007472,23.3164656371502,79.21910827682069,148.42239923042592,0.6182854866439839,0.6067406269590077,0.12458667217702943,0.11430122286008518,0.24405963312421283,12.310586322885772,0.9174434220192565
珠海市,Zhuhai,2017,1,5,0,17.84837774896744,77.50365804088281,42.468944167861096,23.3164656371502,79.21910827682069,148.42239923042592,0.6165285935329899,0.6050165392184875,0.12419412990133986,0.11394108753138932,0.1798738715288475,12.310586322885772,0.9174434220192565
珠海市,Zhuhai,2017,2,4,0,17.0166704895673,72.40781098162827,27.09220937739862,23.3164656371502,79.21910827682069,148.42239923042592,0.5418261267359545,0.5317089450424716,0.12376745944767391,0.11354964153030352,0.12442826568647275,12.310586322885772,0.9174434220192565
珠海市,Zhuhai,2017,3,4,0,20.146154795935523,84.57305724422977,59.1391418460604,23.3164656371502,79.21910827682069,148.42239923042592,0.7891050143973066,0.7743705480953769,0.12578565328766375,0.11540122019316199,0.3460604313267317,12.310586322885772,0.9174434220192565
珠海市,Zhuhai,2017,4,5,1,23.53103914724894,84.68426641286707,135.7766400720217,23.3164656371502,79.21910827682069,148.42239923042592,1.0418032107564306,1.0223502684711037,0.12937781192872727,0.11869682250925534,0.6134833523591738,12.310586322885772,0.9174434220192565
珠海市,Zhuhai,2017,5,4,0,26.31518056021585,84.20255205875324,124.66044902105088,23.3164656371502,79.21910827682069,148.42239923042592,1.2227465623695732,1.1999149776117508,1.127793164787164,1.034686420432263,0.8372987422475417,12.310586322885772,0.9174434220192565
珠海市,Zhuhai,2017,6,4,0,28.632242020432177,85.68244731710135,340.2539141835842,23.3164656371502,79.21910827682069,148.42239923042592,1.4794778671420954,1.4518524986801984,0.5640884286685491,0.517519218319139,1.0124595206022768,12.310586322885772,0.9174434220192565
珠海市,Zhuhai,2017,7,5,4,28.40509132272942,85.03362246854729,378.382773738566,23.3164656371502,79.21910827682069,148.42239923042592,1.4729927005621117,1.445488425575344,0.13750456056659982,0.12615265458947547,0.9961129458377388,12.310586322885772,0.9174434220192565
珠海市,Zhuhai,2017,8,4,1,29.220846961597527,82.13581691198024,255.04262910311107,23.3164656371502,79.21910827682069,148.42239923042592,1.4744457998665255,1.446914392061763,6.221671076322756,5.708031202939781,1.0537190808510484,12.310586322885772,0.9174434220192565
珠海市,Zhuhai,2017,9,4,0,28.7835059189732,82.88821217386977,214.2958005787096,23.3164656371502,79.21910827682069,148.42239923042592,1.429706879142297,1.4030108533307657,3.2813984477155635,3.010497420880843,1.0232191254935377,12.310586322885772,0.9174434220192565
珠海市,Zhuhai,2017,10,5,2,25.2897346491357,70.95108209826115,158.39448078515042,23.3164656371502,79.21910827682069,148.42239923042592,1.1071248866465735,1.0864522334043671,0.3693966860140112,0.3389005596992673,0.7556424332723408,12.310586322885772,0.9174434220192565
珠海市,Zhuhai,2017,11,4,0,20.99009246917265,77.60985621410043,43.03882711439274,23.3164656371502,79.21910827682069,148.42239923042592,0.8099993443386214,0.7948747312313811,0.7763452584790236,0.7122528506074196,0.41090713390662154,12.310586322885772,0.9174434220192565
珠海市,Zhuhai,2017,12,5,1,17.208037389731658,63.61586680144602,18.44093761236161,23.3164656371502,79.21910827682069,148.42239923042592,0.5118738291422928,0.5023159280407553,0.1643757331544834,0.1508054351221734,0.136931983843301,12.310586322885772,0.9174434220192565
珠海市,Zhuhai,2018,1,4,1,14.62422930354265,71.90832438202115,65.08240363237215,23.3164656371502,79.21910827682069,148.42239923042592,0.41448315160203253,0.406743765945407,0.12310586322885772,0.11294266443131779,0.0,12.310586322885772,0.9174434220192565
珠海市,Zhuhai,2018,2,4,0,16.994083103173676,74.64647144515013,18.554784145019266,23.3164656371502,79.21910827682069,148.42239923042592,0.5448884680845496,0.5347141051989787,0.20858078207748834,0.1913610664766237,0.12296278878112396,12.310586322885772,0.9174434220192565
珠海市,Zhuhai,2018,3,4,0,20.174150842070325,78.93700325102645,18.74169571269617,23.3164656371502,79.21910827682069,148.42239923042592,0.7522773040134106,0.7382304986029063,0.20021787142042852,0.18368856910536943,0.34818397206791313,12.310586322885772,0.9174434220192565
珠海市,Zhuhai,2018,4,5,0,23.37547018382796,83.25217892312496,55.43944625644181,23.3164656371502,79.21910827682069,148.42239923042592,0.9892461589179024,0.9707745817172151,0.12893923059554704,0.1182944489501087,0.6008982390505756,12.310586322885772,0.9174434220192565
珠海市,Zhuhai,2018,5,4,1,28.305635601782495,82.2223355064762,94.27405783800975,23.3164656371502,79.21910827682069,148.42239923042592,1.3362612018723354,1.3113100289735016,0.13607324264790516,0.12483950138015075,0.9888873822766646,12.310586322885772,0.9174434220192565
珠海市,Zhuhai,2018,6,4,0,28.234444727112823,83.73741835434302,457.1931956739016,23.3164656371502,79.21910827682069,148.42239923042592,1.4794675796715187,1.4518424033011506,1.5512696693944277,1.4232021539639046,0.9836906560369494,12.310586322885772,0.9174434220192565
珠海市,Zhuhai,2018,7,5,3,28.63460904481368,84.68711646726517,289.9720911894855,23.3164656371502,79.21910827682069,148.42239923042592,1.4571106883794411,1.4299029683112745,0.5574940904500865,0.5114692860980402,1.0126286814511252,12.310586322885772,0.9174434220192565
珠海市,Zhuhai,2018,8,4,5,28.035817972547623,85.83490355719567,465.3213005430178,23.3164656371502,79.21910827682069,148.42239923042592,1.4764935373163535,1.4489238933859814,4.335503999052835,3.977579625069205,0.9690865878814495,12.310586322885772,0.9174434220192565
珠海市,Zhuhai,2018,9,5,5,27.44493988482454,76.8034185227002,258.52726165715814,23.3164656371502,79.21910827682069,148.42239923042592,1.3234840487335469,1.2987714556547916,7.20964711802999,6.614443323516705,0.9248037304984312,12.310586322885772,0.9174434220192565
珠海市,Zhuhai,2018,10,4,12,24.0831085684396,74.38284406199067,66.057714724095,23.3164656371502,79.21910827682069,148.42239923042592,1.003786463942946,0.9850433846854951,4.337365283354639,3.979287248108402,0.6581919265447161,12.310586322885772,0.9174434220192565
珠海市,Zhuhai,2018,11,4,6,22.46386672374357,81.03388298661677,59.30887992908739,23.3164656371502,79.21910827682069,148.42239923042592,0.9241121504885519,0.9068567800471702,6.580614937164021,6.037341886942794,0.5274636701197715,12.310586322885772,0.9174434220192565
珠海市,Zhuhai,2018,12,5,1,17.46387372433582,79.53868156265088,15.974515931555326,23.3164656371502,79.21910827682069,148.42239923042592,0.5882224104157782,0.5772388998231723,0.9758793547348105,0.8953140946858484,0.15388874876430167,12.310586322885772,0.9174434220192565
珠海市,Zhuhai,2019,1,4,2,17.716532052994324,75.08029580802253,6.141701080747969,23.3164656371502,79.21910827682069,148.42239923042592,0.583460123574697,0.5725655361972525,0.3970857649913916,0.3643037230688366,0.17089740602459305,12.310586322885772,0.9174434220192565
珠海市,Zhuhai,2019,2,4,1,20.260913085719025,88.19129300803765,67.68927636636545,23.3164656371502,79.21910827682069,148.42239923042592,0.8113962411949148,0.7962455447029781,0.7728334015968445,0.7090309206117914,0.3547777892790778,12.310586322885772,0.9174434220192565
珠海市,Zhuhai,2019,3,5,1,21.09128763805066,86.23349371943858,183.73851549314,23.3164656371502,79.21910827682069,148.42239923042592,0.9046835363796654,0.8877909443450325,0.7179818996231333,0.6587077709381338,0.418789496688002,12.310586322885772,0.9174434220192565
珠海市,Zhuhai,2019,4,4,1,24.8566831900712,87.82371160669933,213.9419692873879,23.3164656371502,79.21910827682069,148.42239923042592,1.1740224678260394,1.1521006777293141,1.2026240564860593,1.10333952978525,0.7207691361092571,12.310586322885772,0.9174434220192565
珠海市,Zhuhai,2019,5,4,6,26.0784787213276,88.36643454156072,234.6367933282374,23.3164656371502,79.21910827682069,148.42239923042592,1.2687856614463207,1.2450944172749336,1.448108512204173,1.3285576288918108,0.8185988088636882,12.310586322885772,0.9174434220192565
珠海市,Zhuhai,2019,6,5,14,28.796765146661897,86.0999720710745,245.5954803143856,23.3164656371502,79.21910827682069,148.42239923042592,1.4576831560282735,1.4304647466283618,9.352737646235058,8.580607631410219,1.0241573036948866,12.310586322885772,0.9174434220192565
珠海市,Zhuhai,2019,7,4,12,28.87912694171797,85.75661771178898,344.46423285281946,23.3164656371502,79.21910827682069,148.42239923042592,1.4993721414227676,1.4713752995718519,24.06749134328761,22.08056161740462,1.029966614151899,12.310586322885772,0.9174434220192565
珠海市,Zhuhai,2019,8,4,6,29.1282724556598,83.75710518164102,234.1337002198912,23.3164656371502,79.21910827682069,148.42239923042592,1.4667023864571278,1.4393155665866213,24.54388100423373,22.51762217815762,1.0473417300644907,12.310586322885772,0.9174434220192565
珠海市,Zhuhai,2019,9,5,35,28.143035595604857,74.74080536138861,114.51557890725972,23.3164656371502,79.21910827682069,148.42239923042592,1.2993861930646475,1.2751235642312384,12.082606023576894,11.085107417180867,0.9769886634116057,12.310586322885772,0.9174434220192565
珠海市,Zhuhai,2019,10,4,17,25.5930217096806,73.42538559553284,71.1723351612917,23.3164656371502,79.21910827682069,148.42239923042592,1.0999194755605206,1.0793813644703751,31.10374956746597,28.535930440805952,0.7799516887740631,12.310586322885772,0.9174434220192565
珠海市,Zhuhai,2019,11,4,4,22.11975747423173,66.67044091556136,0.3306692411095426,23.3164656371502,79.21910827682069,148.42239923042592,0.8081910335354313,0.7931001858891966,11.027239938417376,10.116868744529054,0.4999544489148413,12.310586322885772,0.9174434220192565
珠海市,Zhuhai,2019,12,5,0,18.44961198889814,66.8846248826524,35.36445770953162,23.3164656371502,79.21910827682069,148.42239923042592,0.6070722494393898,0.5957367675466113,1.3246917354762227,1.2153297189159336,0.221645550076503,12.310586322885772,0.9174434220192565
